683
   -1.053673675    38.175063707  1.410000000e+00  1.944000000e+00
   37.809431980     8.992110380  1.197000000e+00  1.440000000e+00
   47.229211611   -19.018306016  5.680000000e-01  8.640000000e-01
   53.226480504    31.120461520 -6.002000000e+00  1.090000000e+00
    7.648687421    11.151739921  6.660000000e-01  1.107000000e+00
   35.343713995    37.003499893  1.850000000e-01  1.174000000e+00
   38.766303478     9.035135250 -1.004000000e+00  9.070000000e-01
   38.229680220    37.745859521 -9.340000000e-01  1.042000000e+00
   30.561003409    38.738362480 -4.490000000e-01  9.640000000e-01
   43.032875950    39.717562693  8.370000000e-01  1.166000000e+00
   21.409029672    38.623994733 -2.590000000e-01  1.488000000e+00
  -15.445833257    27.903877494 -7.770000000e-01  1.054000000e+00
   48.744350460    31.343866026 -1.709000000e+00  1.545000000e+00
   35.871643781    39.660160798 -2.570000000e-01  8.820000000e-01
   31.429742393    38.369272342 -4.761000000e+00  1.132000000e+00
   31.787497491    37.047716754 -3.610000000e-01  1.532000000e+00
   33.998149523    38.370390773 -3.712000000e+00  8.860000000e-01
   -0.481229228    38.338920494 -3.220000000e-01  5.560000000e-01
  -17.241075896    28.063813777 -1.010000000e-01  9.680000000e-01
   16.455919945    39.945775699  6.910000000e-01  1.268000000e+00
   -1.856401109    38.977917759 -9.523000000e+00  6.740000000e-01
   -8.872932629    38.785320016 -8.900000000e-02  1.299000000e+00
   -0.860798921    37.730768100 -8.730000000e-01  1.054000000e+00
   -0.473543953    38.697987274  2.160000000e-01  6.780000000e-01
  -15.780270688    27.984772766 -8.890000000e-01  1.140000000e+00
   -5.444173440    36.111044487 -4.100000000e-02  1.062000000e+00
   -2.459446078    36.852534465  4.610000000e-01  6.340000000e-01
   -2.440876680    36.862670099 -2.280000000e-01  8.270000000e-01
   34.606645629    31.707936614  1.261000000e+00  6.460000000e-01
   36.377693200    26.458329949 -9.630000000e-01  8.190000000e-01
   29.910993143    31.197066877 -2.938000000e+00  6.430000000e-01
   16.076524990    39.119776471  1.192000000e+00  1.254000000e+00
   -7.227879317    38.208698747 -3.800000000e-02  6.980000000e-01
   35.879538641    32.028545475 -4.741000000e+00  1.830000000e+00
   39.167575033    21.500799193 -1.913000000e+00  1.109000000e+00
   23.904106721    37.733357539 -5.310000000e-01  1.092000000e+00
   -4.030308077    38.040379603 -7.130000000e-01  7.850000000e-01
   32.758469847    39.887371072 -7.710000000e-01  6.260000000e-01
   32.865107142    36.069015482 -3.260000000e-01  1.122000000e+00
   32.846202028    39.855965423  4.030000000e-01  1.106000000e+00
    8.454818101    39.061063922 -5.000000000e-02  1.264000000e+00
   30.609410859    36.828506691 -1.065900000e+01  1.813000000e+00
   26.716019474   -30.679806693  9.430000000e-01  7.320000000e-01
  -14.013914587    28.423307743 -4.210000000e-01  8.870000000e-01
   30.666425335    36.888449205 -1.116000000e+00  1.080000000e+00
   37.373610297    37.064961587 -1.728000000e+00  8.510000000e-01
   16.083665955    39.720986742 -3.170000000e-01  1.539000000e+00
   -6.565406449    37.893880469 -2.160000000e-01  7.140000000e-01
    8.594006885    39.524783320 -1.226000000e+00  1.103000000e+00
   16.225530403    39.366681720  3.980000000e-01  9.770000000e-01
   35.209274391    32.102362350  1.633000000e+00  1.003000000e+00
  -15.681396101    27.761011275 -1.081000000e+00  8.240000000e-01
   37.560851570     6.062427239  3.700000000e-02  1.625000000e+00
   38.487320534    39.040594215  1.160000000e-01  1.313000000e+00
   -8.961096035    38.492762710 -1.649000000e+00  1.266000000e+00
   36.698406956    -3.386859370  3.037000000e+00  1.848000000e+00
   42.654427526    13.062913434 -2.465000000e+00  8.120000000e-01
  -14.412072313    -7.951213970 -2.480000000e-01  1.063000000e+00
   34.552940315    10.050589599  1.010000000e-01  1.315000000e+00
   22.999354527    38.653058108 -2.939300000e+01  1.803000000e+00
   -7.889484248    39.056613832 -6.380000000e-01  7.110000000e-01
   27.837884348    37.840726640 -1.810000000e-01  1.505000000e+00
   -1.059208802    39.061339739  2.330000000e-01  7.510000000e-01
   26.686178110    39.311442884 -4.930000000e-01  1.137000000e+00
  -28.022945022    39.087859789 -1.679000000e+00  1.326000000e+00
   -6.989254180    38.893693034 -4.050000000e-01  8.570000000e-01
   50.608146419    26.209141843 -5.980000000e-01  6.500000000e-01
   29.893361463     0.350415092  3.243000000e+00  1.784000000e+00
   27.893631417    39.639365732  1.314000000e+00  1.125000000e+00
   44.017305094    38.043444715  9.000000000e-03  1.444000000e+00
   37.359655136    11.599817006 -1.150000000e-01  1.511000000e+00
   37.359656216    11.599817961  3.400000000e-01  1.242000000e+00
   -7.865400822    37.998243880 -1.204000000e+00  1.121000000e+00
   -7.872849833    38.012884806 -8.600000000e-02  6.950000000e-01
   14.977384688    37.591346627  5.560000000e-01  1.114000000e+00
   28.341333115   -26.195324495  5.121000000e+00  1.018000000e+00
   28.334163444   -28.249768620  1.555000000e+00  6.090000000e-01
   31.746550871    37.677301685 -1.700000000e-02  9.670000000e-01
   26.297812517   -29.103680644  3.854000000e+00  1.150000000e+00
   50.608146896    26.209142244 -5.100000000e-02  7.440000000e-01
   50.608146089    26.209141544 -1.896000000e+00  1.583000000e+00
   39.476534390    21.405626107 -1.386000000e+00  1.288000000e+00
   40.500783852    38.885453709  1.370000000e+00  1.186000000e+00
   27.429086758   -32.863701398  1.346000000e+00  8.820000000e-01
    2.000530910     7.182348531 -1.695000000e+00  1.029000000e+00
    2.450021900     6.384664508  1.710000000e-01  9.220000000e-01
    2.927981074    11.124742806  4.700000000e-01  9.680000000e-01
    1.380749085    10.253181461 -2.800000000e-02  8.990000000e-01
    3.204039747     9.951275823  2.147000000e+00  1.135000000e+00
    2.625654867     9.357508977 -9.000000000e-03  8.530000000e-01
    1.993195660     7.927773064 -4.110000000e-01  9.290000000e-01
    4.229242229    12.468576720  7.600000000e-02  1.134000000e+00
   -8.126690188    37.232374870 -9.500000000e-02  7.300000000e-01
   13.408239552   -12.584028540 -5.152000000e+00  1.847000000e+00
   35.255100317    39.193609799 -2.853000000e+00  1.189000000e+00
   -7.462514268    38.810322561 -1.170000000e-01  6.930000000e-01
   -0.083210247    39.905179896  2.060000000e-01  6.670000000e-01
   15.911086042    37.935468898 -1.900000000e+00  1.704000000e+00
   27.776610993   -25.635752814  9.710000000e-01  7.900000000e-01
   28.732728013   -25.803351604  2.142000000e+00  8.280000000e-01
   14.845838500    37.788861310  1.995000000e+00  1.174000000e+00
   35.022982005    32.778983646 -3.400000000e-02  6.580000000e-01
   41.154484390    37.863602591  1.966000000e+00  1.264000000e+00
   22.573561096   -32.347379293  1.000000000e+00  7.190000000e-01
   44.392158360    39.379215433 -6.920000000e-01  1.195000000e+00
    9.000190470    39.011107479 -1.420000000e+00  1.514000000e+00
    9.133903673    39.538065969  1.600000000e-01  1.358000000e+00
    9.118174300    39.238285305 -2.345000000e+00  1.670000000e+00
   -2.547605710    37.221093392 -6.670000000e-01  6.990000000e-01
   -0.698398331    37.630865667  3.150000000e-01  8.370000000e-01
   -4.424233266    37.467957686 -5.830000000e-01  8.360000000e-01
   -6.341783004    39.478862837 -3.110000000e-01  6.010000000e-01
    8.972753084    39.135912195 -2.850000000e-01  6.370000000e-01
    8.972758150    39.135889713  9.590000000e-01  8.840000000e-01
   19.761955627   -31.482071065  8.290000000e-01  6.280000000e-01
   12.744886573    37.629260555  1.350000000e-01  1.475000000e+00
   16.449183372    39.340177079 -6.290000000e-01  1.215000000e+00
   14.739571020    38.157357763 -7.370000000e-01  1.764000000e+00
   16.211398563    39.253385155  7.680000000e-01  9.280000000e-01
   -1.967677842    38.045883856 -2.230000000e-01  1.900000000e+00
   16.211276211    39.253749764 -1.145000000e+00  1.268000000e+00
   -9.418520911    38.693415029  5.600000000e-02  5.670000000e-01
   -5.538788906    38.730434463 -3.500000000e-01  1.695000000e+00
   16.204925424    39.810313951  1.383000000e+00  1.269000000e+00
   43.060693952    38.007345586 -4.800000000e-02  1.529000000e+00
   -5.538788425    38.730434840  5.460000000e-01  1.053000000e+00
   29.688548031    37.159258617  4.710000000e-01  1.673000000e+00
   29.690164100    37.156369864 -1.510000000e-01  1.446000000e+00
   -5.759777623    37.937879163 -2.990000000e-01  7.400000000e-01
   12.191038013    -5.558023504 -3.323000000e+00  1.429000000e+00
   -7.512176317    39.818993942 -3.710000000e-01  8.250000000e-01
   -6.377912857    39.472300630 -6.100000000e-02  8.630000000e-01
   16.775623000    39.226169611  2.770000000e-01  1.163000000e+00
   16.508762547    39.402689103  1.391000000e+00  1.201000000e+00
   15.893928721    38.260310263  2.580000000e-01  9.720000000e-01
   -8.713174691    37.789780768 -2.138000000e+00  1.270000000e+00
   26.372570612    38.303815507 -9.350000000e-01  1.138000000e+00
   15.954617054    39.528730390 -2.190000000e-01  8.740000000e-01
   -5.306389985    35.891972805 -8.620000000e-01  9.610000000e-01
   55.700354347   -21.232772611  5.913000000e+00  1.784000000e+00
   32.922405972    38.650387622 -1.378000000e+00  8.310000000e-01
    8.351568711     4.950301080  1.485000000e+00  1.862000000e+00
   -4.721108191    37.915607308 -8.800000000e-01  6.530000000e-01
   16.569986470    38.856691185 -4.530000000e-01  1.870000000e+00
   -6.519638233    39.981623894  7.130000000e-01  8.940000000e-01
   13.303863492    37.894383614  3.290000000e-01  6.250000000e-01
   15.077009964    38.642760091 -4.824000000e+00  8.840000000e-01
   18.489706250   -34.353285214  1.518000000e+00  9.400000000e-01
   -9.133281725    39.394186069 -6.980000000e-01  1.157000000e+00
   -4.787831237    37.877402949 -3.890000000e-01  6.790000000e-01
   16.547348547    39.278359981 -3.570000000e-01  1.452000000e+00
   -0.979282931    37.606635687 -1.830000000e-01  9.190000000e-01
   -0.995428162    37.606222497 -1.163000000e+00  1.356000000e+00
   -1.868640753    38.114585945 -4.720000000e-01  7.770000000e-01
   34.890185491    32.488254141  6.180000000e-01  4.830000000e-01
   33.262999600    -9.701329232  5.044000000e+00  1.464000000e+00
   18.468551085   -33.951434412  1.674000000e+00  1.081000000e+00
   15.815547592    39.993802841  1.183000000e+00  8.840000000e-01
   16.941767319   -12.382191142 -3.746000000e+00  1.886000000e+00
   16.986335591    39.032457440  1.238000000e+00  1.075000000e+00
   40.272274002    12.331929324  2.119800000e+01  1.575000000e+00
   40.234884590    12.201854261  1.398900000e+01  1.771000000e+00
   40.071396996    12.066118170 -2.470000000e+00  1.336000000e+00
   40.317381420    12.068148081  1.623400000e+01  1.594000000e+00
  -17.439465549    14.721235422  6.560000000e-01  1.057000000e+00
   42.033858105     9.422797000 -1.383000000e+00  1.453000000e+00
   23.992638609   -30.665208027  9.870000000e-01  5.360000000e-01
   37.893909049    13.150451640  5.430000000e-01  1.334000000e+00
   28.648405126    39.034851334  4.930000000e-01  1.355000000e+00
    0.103664877    38.834780559 -2.010000000e-01  7.350000000e-01
   27.268661101    37.372130050 -1.483000000e+00  1.077000000e+00
   15.821848346    39.676346826  3.000000000e-03  1.926000000e+00
   30.166336128    38.069463950 -1.448000000e+00  1.049000000e+00
   23.932647726    38.078534087  9.080000000e-01  1.836000000e+00
   38.103884329    39.394319283  3.610000000e-01  1.367000000e+00
   40.187493645    37.954418648  9.630000000e-01  1.313000000e+00
    1.661638392     9.692061490 -4.190000000e-01  1.214000000e+00
   20.820992713    -7.406693877 -2.555000000e+00  1.491000000e+00
   29.092134370    37.762102101  4.669000000e+00  1.468000000e+00
   35.748173113    -6.186456070 -2.149000000e+00  1.321000000e+00
   38.971312143    21.949244395 -1.452000000e+00  1.167000000e+00
   35.392070076    31.593200365  3.317000000e+00  6.780000000e-01
   31.023449031   -29.851176580  1.490000000e+00  9.380000000e-01
   30.946674527   -29.965010946  2.411000000e+00  1.547000000e+00
   35.368823819    31.036914580  7.230000000e-01  7.080000000e-01
   23.932434234    38.078553259  4.830000000e-01  1.720000000e+00
   32.444943773     0.038192322 -3.366000000e+00  1.569000000e+00
   14.712470585    37.595614539 -8.270000000e-01  8.530000000e-01
   14.303487575    37.523080368  9.700000000e-01  9.370000000e-01
   15.082082565    37.513602453  2.276000000e+00  8.390000000e-01
   37.187941186    38.058832851 -1.297000000e+00  9.720000000e-01
   34.920598443    29.509278162  1.344000000e+00  6.080000000e-01
   39.256465910    38.644673708 -7.590000000e-01  1.900000000e+00
   27.828680848   -33.038130414  1.270000000e+00  8.880000000e-01
   35.770647959    33.182007258  2.580000000e-01  6.200000000e-01
   -7.159408166    38.879368295 -1.638000000e+00  1.653000000e+00
   31.144026018    39.022190651 -3.220000000e-01  1.051000000e+00
   29.983849661   -26.497806929  2.103000000e+00  6.340000000e-01
   55.678194160   -21.243312792 -1.112000000e+00  1.966000000e+00
   27.696088845   -23.686667213  1.882000000e+00  6.370000000e-01
   39.758193495    38.269605398  3.490000000e-01  1.339000000e+00
   41.255467003    39.905609178  2.634000000e+00  1.131000000e+00
   30.463611968    39.745687013 -3.650000000e-01  9.100000000e-01
   14.974332974    37.693416695  9.440000000e-01  1.348000000e+00
   -7.585396766    38.846604350 -2.011000000e+00  1.112000000e+00
   38.762823251     9.019858434 -2.504000000e+00  1.930000000e+00
   -5.938836941    37.352571969  1.239000000e+00  8.670000000e-01
   -7.904353326    38.568097316 -1.305000000e+00  1.119000000e+00
   21.928396458    38.426758656 -1.426000000e+00  1.341000000e+00
   -7.937504546    37.016405226 -1.582000000e+00  1.294000000e+00
   13.666953907    37.266999167 -2.092000000e+00  1.360000000e+00
   -9.156871823    38.756467392 -2.028000000e+00  5.280000000e-01
   35.912326953    37.815116132 -1.011000000e+00  9.890000000e-01
   29.123774334    36.626208266 -1.981000000e+00  1.195000000e+00
  -17.428313829    14.669346200  2.394000000e+00  1.616000000e+00
   32.586720209     0.312868703 -2.840000000e-01  1.861000000e+00
    6.732568900     0.337668542 -1.169000000e+00  1.291000000e+00
   14.503544655   -22.950353133  1.475000000e+00  1.138000000e+00
   54.519737867    24.383038964  3.006000000e+00  1.614000000e+00
   14.497205471    35.884748515 -1.360000000e+00  1.485000000e+00
   48.087054172    29.083170295 -9.580000000e-01  1.180000000e+00
   18.508296501   -33.869533943 -3.776000000e+00  1.302000000e+00
   30.146410475    36.302218172 -1.029000000e+00  1.559000000e+00
   55.718869120   -21.261775507 -6.375000000e+00  1.765000000e+00
  -25.308208309    37.769335763 -1.382000000e+00  1.339000000e+00
  -16.907615632    32.647948153 -1.037000000e+00  9.210000000e-01
   12.497797818     9.349742652 -1.270000000e+00  1.293000000e+00
   -8.320502790    38.720507775 -7.050000000e-01  7.710000000e-01
   13.669049962    37.317528043  2.040000000e-01  9.270000000e-01
  -16.907621930    32.647949602 -4.390000000e-01  1.581000000e+00
   14.566518983    37.710698202  1.890000000e-01  8.950000000e-01
   -0.006009791    16.252116410  2.360000000e-01  1.304000000e+00
   14.026145783    37.990349687  5.699000000e+00  1.005000000e+00
    8.527411653    39.166548440 -3.274000000e+00  1.107000000e+00
   29.412083450   -25.161457287  1.135000000e+00  6.750000000e-01
   11.183940954     6.917199704  6.650000000e-01  1.149000000e+00
   36.080845366    39.185132623 -3.790000000e-01  8.840000000e-01
   22.381641690   -34.001416201  6.420000000e-01  1.077000000e+00
   22.383360736   -34.002202336  2.342000000e+00  9.320000000e-01
   -5.364987909    36.148176710 -4.410000000e-01  1.249000000e+00
   35.416476232    32.479336062  9.730000000e-01  5.550000000e-01
   40.708433704     7.145988821  4.300000000e-02  1.426000000e+00
   15.894760575    38.421721486  5.420000000e-01  9.460000000e-01
    9.104518102    39.745960055 -1.115000000e+00  8.160000000e-01
  -15.634269928    27.764782775 -4.900000000e-02  6.170000000e-01
   -3.596401148    37.189903359  2.740000000e-01  1.109000000e+00
   -3.595320303    37.190230217 -4.330000000e-01  1.808000000e+00
  -16.267877926    28.453843520 -3.600000000e-02  9.660000000e-01
   30.577640148   -29.071135024  2.032000000e+00  9.160000000e-01
   26.507170273   -33.320061755  1.478000000e+00  7.960000000e-01
   -8.641729533    39.040453308 -3.100000000e-01  7.070000000e-01
   24.534506407   -32.248047580  1.478000000e+00  7.860000000e-01
    9.575153736    39.697624737 -1.880000000e+00  1.989000000e+00
   37.307869454    38.717352648 -8.490000000e-01  1.003000000e+00
    9.521491963    39.126642034 -8.450000000e-01  1.372000000e+00
   32.989469390    35.201248908 -3.323000000e+00  1.285000000e+00
   15.155031004    37.285851501 -6.900000000e-02  8.400000000e-01
   43.739129393    37.574316812  1.575000000e+00  1.280000000e+00
   23.602540417    38.465449811  1.770000000e+00  1.233000000e+00
   34.183375905    37.445081381 -3.430000000e-01  1.024000000e+00
   36.099916917    29.138867097  1.018000000e+00  6.720000000e-01
   48.534307192    34.869083229  2.200000000e-01  5.790000000e-01
   27.707244220   -25.886963380  2.660000000e-01  7.090000000e-01
   29.152760287    39.677744336 -1.100000000e-01  1.049000000e+00
  -13.485110052    29.145224676 -9.440000000e-01  8.870000000e-01
   36.152750483    36.208276484  8.200000000e-01  1.313000000e+00
   15.121905998    36.959758881 -4.510000000e-01  6.300000000e-01
   15.032391227    37.283047771 -8.230000000e-01  1.852000000e+00
   28.372898631   -26.508495633  1.503000000e+00  7.840000000e-01
   25.141502909    35.324127865 -2.175000000e+00  1.990000000e+00
   19.223061107   -34.424631475  1.848000000e+00  1.227000000e+00
   -5.050025620    39.181442096  7.390000000e-01  8.730000000e-01
   41.695788193    39.368788385  1.500000000e-02  1.319000000e+00
   14.871945860    37.348556994  1.087000000e+00  7.470000000e-01
   14.783112991    36.959017349 -8.240000000e-01  7.490000000e-01
   19.223062047   -34.424630510  4.890000000e-01  9.590000000e-01
   27.686027447   -25.890257941  3.340000000e-01  8.070000000e-01
   27.686979375   -25.890105735  7.000000000e-01  7.020000000e-01
  -13.485110055    29.145224662 -8.960000000e-01  9.540000000e-01
   35.785449330    33.308309915 -3.870000000e-01  1.393000000e+00
   14.706523753    36.793799971 -1.122000000e+00  1.285000000e+00
   15.732662837   -12.773958354 -2.096000000e+00  1.045000000e+00
   -6.920296964    37.199981267 -1.580000000e-01  6.100000000e-01
    7.590913878    12.921154161 -6.760000000e-01  1.743000000e+00
   -6.913540528    37.280287725  2.800000000e-01  6.300000000e-01
   -1.942120966    37.401563103 -1.200000000e-01  7.620000000e-01
   14.715464509    37.178345621 -7.100000000e-01  6.250000000e-01
   32.495714304    39.434725318 -1.279000000e+00  8.210000000e-01
   14.356426455    38.533860415 -1.134000000e+00  9.040000000e-01
    1.448965290    38.911248047 -6.800000000e-01  7.830000000e-01
   14.575289713    38.564207249 -9.530000000e-01  7.500000000e-01
   -5.125523509    33.513932030  4.600000000e-01  7.300000000e-01
   -5.108465245    33.539625197  1.710000000e+00  9.670000000e-01
   13.231998453    -8.812017483 -2.192000000e+00  1.799000000e+00
   44.018252927    39.929201789  9.500000000e-01  1.172000000e+00
    8.533026934    39.311272036  1.970000000e+00  9.490000000e-01
   -9.158517134    38.726028642 -2.450000000e-01  7.760000000e-01
   35.383263713   -23.871151558  4.300000000e-02  1.700000000e+00
   44.438402873    33.341415114  8.600000000e-01  1.035000000e+00
   47.795556111    30.487011977 -3.752000000e+00  1.209000000e+00
   44.010938900    36.159853649 -7.058000000e+00  1.011000000e+00
    9.105861894    39.743070443 -1.130000000e+00  1.140000000e+00
   45.808376625    32.501893679 -4.106000000e+00  1.073000000e+00
   44.353278505    32.012542382 -5.100000000e-01  9.580000000e-01
   32.645560560   -10.171033922  2.866000000e+00  1.407000000e+00
   30.566977989    37.785089912 -1.077000000e+00  1.051000000e+00
   43.673037128    34.600793903 -3.539000000e+00  1.567000000e+00
   30.068826456   -30.146058132  3.650000000e-01  9.570000000e-01
  -16.499679610    28.308066998 -1.139000000e+00  6.320000000e-01
   27.081822266    38.394807746 -2.500000000e-01  1.321000000e+00
   57.763900455    25.649489176 -4.800000000e-01  1.027000000e+00
   39.630967632    21.369195182 -1.240000000e-01  8.430000000e-01
   -6.779430028    38.320045599  1.066000000e+00  8.980000000e-01
   42.103634806    16.699180946  4.950000000e-01  1.482000000e+00
   -1.327155872    38.471221753 -2.958000000e+00  9.290000000e-01
   15.885658222    38.606839455 -4.200000000e-02  6.610000000e-01
   35.202451996    31.771153279  2.408000000e+00  7.200000000e-01
   49.466587416    26.902685334  1.437000000e+00  1.613000000e+00
   49.562495764    27.103316723  1.099000000e+00  1.357000000e+00
   -1.325645275    38.502072015 -5.600000000e-01  9.330000000e-01
   33.895470061    -9.954145737 -1.747000000e+00  1.588000000e+00
   35.145056755    33.022814701  1.104000000e+00  6.000000000e-01
   22.111371144    37.033726802  6.250000000e-01  1.906000000e+00
   33.220271906    37.193228188 -1.276300000e+01  9.490000000e-01
   33.526927278    37.714665694 -7.276000000e+00  1.125000000e+00
   19.935539689    39.746355133 -9.830000000e-01  1.085000000e+00
   31.224783664   -10.171615282  1.955000000e+00  1.217000000e+00
   27.780781484    35.951481490  1.571000000e+00  1.552000000e+00
   35.688554120    32.994968769  5.060000000e-01  7.130000000e-01
   35.524461299    38.708373095 -1.738000000e+00  9.330000000e-01
   25.348112814    36.417845126  4.856000000e+00  1.751000000e+00
   35.102546275    -9.546800690  2.218000000e+00  1.134000000e+00
   39.335741596    22.155203439  1.960000000e-01  1.415000000e+00
   27.672205745    39.105991839  9.980000000e-01  1.351000000e+00
   20.348351606    38.203185797 -7.410000000e-01  1.719000000e+00
   34.155487932    39.164625107 -1.156000000e+00  9.720000000e-01
   33.517883982    39.843265964  6.500000000e-02  9.230000000e-01
   24.806468225   -28.742988073  2.242000000e+00  6.750000000e-01
   34.866726311    31.378063040  2.036000000e+00  7.300000000e-01
   37.112176529    36.708601259 -3.860000000e-01  9.770000000e-01
   22.014384702    39.564735788  3.670000000e-01  9.890000000e-01
   33.065363696    39.079103092  5.850000000e-01  8.010000000e-01
   23.432475403   -27.460782042  1.532000000e+00  5.930000000e-01
   29.422081456   -30.564483862  3.692000000e+00  1.200000000e+00
   32.505234037    38.022152686  4.230000000e-01  9.640000000e-01
   22.930940291    37.941566684  6.110000000e-01  1.180000000e+00
   22.045819861    38.209455684 -2.682000000e+00  1.636000000e+00
   17.125033797    39.079939099 -2.211000000e+00  8.970000000e-01
   27.766252153   -26.082895930  2.232000000e+00  8.280000000e-01
   27.240076392   -27.663578541  1.520000000e+00  6.460000000e-01
   49.197220501    27.135320200 -3.100000000e-02  9.970000000e-01
   29.898855900    39.480865985  2.970000000e-01  1.124000000e+00
   47.971494966    29.324968658 -5.750000000e-01  7.330000000e-01
   -8.668377335    37.098938160  2.000000000e-03  4.830000000e-01
   21.973147424    38.320392888 -9.560000000e-01  1.928000000e+00
   12.605657058    35.499774589  5.870000000e-01  6.110000000e-01
    9.548412192    39.882726441  9.410000000e-01  1.063000000e+00
   22.387912834    39.614108694  2.748000000e+00  1.505000000e+00
   35.674370332    34.114986100  1.112000000e+00  1.221000000e+00
   13.497548493   -14.915773755 -1.742000000e+00  1.288000000e+00
   32.758617721    39.887203158 -3.543000000e+00  1.773000000e+00
   -6.081926689    36.922427930 -3.330000000e-01  8.440000000e-01
   -8.794798946    39.731536252  2.500000000e-02  7.100000000e-01
   25.180564912    39.897220555 -1.030000000e-01  7.850000000e-01
   33.352904585    35.195048040  8.900000000e-02  1.071000000e+00
   18.157762559   -32.972488484  1.770000000e+00  6.400000000e-01
   34.866308828    31.377821915  8.490000000e-01  7.140000000e-01
   15.114073385    38.638890984 -5.115000000e+00  8.510000000e-01
   22.201018638    38.528989630 -3.900000000e-01  1.835000000e+00
   34.107053500   -10.613722221  1.512000000e+00  1.950000000e+00
   -6.010708432    38.236785350  5.260000000e-01  8.600000000e-01
   33.789459284   -13.947018675  4.940000000e-01  1.290000000e+00
   13.182934828    -8.903250268  3.558000000e+00  1.612000000e+00
   16.240414362    38.235646096  4.680000000e-01  1.416000000e+00
   -1.713681035    37.656604415 -7.474000000e+00  1.123000000e+00
   14.948160005    38.445705729 -9.573000000e+00  8.450000000e-01
  -17.893827994    28.763871656 -4.650000000e-01  4.430000000e-01
   29.781486577   -28.557654174  1.431000000e+00  6.900000000e-01
   19.908193719   -11.788370041 -3.460000000e+00  1.612000000e+00
   16.287756350    39.445996082  6.310000000e-01  8.650000000e-01
   -9.326101841    38.934487724 -2.270000000e-01  1.164000000e+00
   40.194143644    -2.996054833  3.960000000e-01  8.730000000e-01
   -4.393529765    36.726115036  7.710000000e-01  7.290000000e-01
   40.194394787    -2.995911511 -8.520000000e-01  1.322000000e+00
    2.624554403    39.552626784 -3.940000000e-01  6.230000000e-01
   18.730848401   -33.463826092  1.230000000e+00  8.940000000e-01
   14.526196640    35.837979258 -1.989000000e+00  8.970000000e-01
   38.216889958    38.337695825 -1.910000000e-01  1.246000000e+00
   40.728286970    37.310501652  3.378000000e+00  8.960000000e-01
  -15.633275625    27.763741327 -2.970000000e-01  5.450000000e-01
   34.584674200    -9.592039110  1.842000000e+00  1.965000000e+00
   23.528397366   -19.902241957  2.248000000e+00  1.073000000e+00
   -1.310490856    37.593443866  7.150000000e-01  1.459000000e+00
  -17.779382247    28.605733213  4.680000000e-01  9.750000000e-01
   30.737876269    -0.601469047  1.336000000e+00  7.380000000e-01
   34.800276694   -11.273639265  6.055000000e+00  1.827000000e+00
   33.459173063    -8.911755700  2.173000000e+00  1.138000000e+00
   29.454209945   -25.773756641  7.060000000e-01  6.650000000e-01
   15.230111239    38.064626425 -1.840000000e+00  9.640000000e-01
   13.131001747    11.838090426  1.607000000e+00  1.894000000e+00
   -6.348555695    38.916282588  6.800000000e-01  8.720000000e-01
   -2.951651226    35.281189236 -8.390000000e-01  1.190000000e+00
   -8.130412994    39.694846132  1.066000000e+00  6.470000000e-01
   23.386050150    37.561040190  9.230000000e-01  1.922000000e+00
   34.255851712    36.566387835  1.380000000e-01  9.350000000e-01
   -7.660044533    37.646543725  9.490000000e-01  8.060000000e-01
   15.554399429    38.204640442 -2.150000000e-01  1.381000000e+00
   -8.244686351    37.834631783  7.000000000e-02  6.910000000e-01
   23.762314547    38.065263691  4.200000000e-02  1.302000000e+00
   21.704570294    36.825514708 -1.460000000e+00  1.737000000e+00
   25.539971432   -25.805016280  1.114000000e+00  5.570000000e-01
   33.907388615    35.145821646  1.830000000e-01  1.029000000e+00
   41.357401819    37.417400589  3.078000000e+00  9.430000000e-01
   24.431275769    36.742218631  2.347000000e+00  1.658000000e+00
   12.584316009    38.008164833  3.510000000e-01  9.630000000e-01
   -4.435406668    36.715599975 -7.810000000e-01  7.860000000e-01
   24.519125991    36.746806521  1.877000000e+00  1.538000000e+00
   15.254049552    37.935229047  1.004000000e+00  9.460000000e-01
   15.972069200    39.869986103  1.045000000e+00  9.010000000e-01
   15.135576249    38.028614701 -1.900000000e-01  1.008000000e+00
   36.835134894   -16.868591441  8.000000000e-01  1.910000000e+00
   35.290009802     0.288320036 -1.364000000e+00  1.096000000e+00
   23.150738385   -15.254118759  8.910000000e-01  1.340000000e+00
   -1.998821599    38.247529169  3.530000000e-01  1.891000000e+00
   -3.520518689    36.754766358 -6.660000000e-01  1.050000000e+00
   16.006735667    37.953081276  6.060000000e-01  7.100000000e-01
   15.352856101    38.146502045  8.800000000e-01  8.340000000e-01
   35.421615142    32.449922865 -7.920000000e-01  1.293000000e+00
   -1.124681856    37.992165930 -1.421000000e+00  9.850000000e-01
   43.763120472    38.990101812  1.927000000e+00  1.544000000e+00
   29.987360093   -29.208928232  1.437000000e+00  8.000000000e-01
   34.602593062    36.781000999 -4.390000000e-01  1.052000000e+00
   14.591608026    38.033884901  1.032000000e+00  6.850000000e-01
   59.479818377    36.334724549  2.275000000e+00  1.909000000e+00
   13.551998974    -1.631600802  5.185000000e+00  1.877000000e+00
   15.508335949    38.263815991  1.590000000e-01  6.460000000e-01
   15.699902661    38.003086507  1.023000000e+00  6.850000000e-01
   40.165647827   -10.259919632  7.070000000e-01  1.078000000e+00
   40.200155704   -10.268996277 -2.784000000e+00  1.338000000e+00
   14.873879176    38.042982703  9.850000000e-01  7.780000000e-01
   28.364440226    37.216358363  3.520000000e-01  1.509000000e+00
   -1.448841500    38.041114064  2.390000000e-01  1.422000000e+00
   -1.122517270    37.990163163  1.190000000e+00  9.820000000e-01
   41.502161586    38.793238645  1.296000000e+00  1.736000000e+00
   34.005947309   -11.425097732  2.235000000e+00  1.308000000e+00
   42.044645818    19.211424030  5.390000000e-01  7.890000000e-01
   -5.545113369    39.894856322 -2.270000000e-01  9.560000000e-01
   25.381168617    37.098191149 -2.890000000e-01  1.942000000e+00
   39.290572184     8.567735047 -3.399000000e+00  8.160000000e-01
   14.911230699    -9.301307561 -1.584000000e+00  1.461000000e+00
   25.610370419    35.261355256  4.140000000e-01  1.718000000e+00
   23.060308697    36.509209910  2.216000000e+00  1.773000000e+00
   49.243191115    39.404338519 -5.676000000e+00  1.051000000e+00
   39.589413379     5.334653423  1.450000000e+00  9.310000000e-01
   34.702946087    38.616565985 -1.460000000e-01  8.410000000e-01
   29.976541952   -27.768598790  2.785000000e+00  1.367000000e+00
    2.183190106    13.479255332 -8.590000000e-01  1.084000000e+00
   33.396446448    35.140986646  4.910000000e-01  5.820000000e-01
   34.679437028    37.958770779  5.290000000e-01  9.200000000e-01
    9.672123964     0.353905644  7.210000000e-01  7.450000000e-01
   12.144442940   -15.197289708 -1.670000000e+00  1.136000000e+00
   39.257943069   -15.122831060  7.000000000e-01  1.667000000e+00
   23.864033213    38.047063684  5.070000000e-01  1.259000000e+00
   25.428620870    36.421664932  4.760000000e+00  1.254000000e+00
   14.989787206    36.875844279 -1.234000000e+00  6.940000000e-01
   35.036041559    30.038418689  4.440000000e-01  7.250000000e-01
   30.975169802   -25.475337824  1.508000000e+00  7.080000000e-01
   30.089682488    -1.944551324 -2.205000000e+00  1.436000000e+00
   28.405997930   -24.702993959  1.565000000e+00  7.580000000e-01
   35.331448158    32.782499517  1.147000000e+00  8.200000000e-01
   -8.631248773    37.598663427 -3.240000000e-01  6.960000000e-01
   15.725078111   -17.067718889  3.840000000e-01  1.478000000e+00
   26.738146211   -26.933986696  2.871000000e+00  9.350000000e-01
   36.253857968    37.102193558 -1.336000000e+00  1.005000000e+00
    7.486341646     9.027665834 -9.380000000e-01  1.274000000e+00
   -5.095166257    37.232314987 -9.600000000e-01  7.830000000e-01
   -1.512497340    12.356390562 -1.821000000e+00  9.550000000e-01
   43.988680259    38.657313671  5.980000000e-01  9.830000000e-01
   -2.932397909    37.702338866  4.590000000e-01  9.350000000e-01
   55.687167687   -21.001987090  1.620000000e-01  1.687000000e+00
   21.786749903    38.283656055 -1.570000000e-01  1.394000000e+00
   21.732955811    38.240857588 -9.300000000e-02  1.519000000e+00
   31.134327320   -23.951505823  1.495000000e+00  6.930000000e-01
  -25.662763629    37.747749314 -1.822000000e+00  8.680000000e-01
   25.611017025   -33.984550138  1.991000000e+00  8.250000000e-01
   31.343397131    29.861545787 -9.530000000e-01  1.913000000e+00
  -28.032457404    38.413818277 -2.435000000e+00  1.844000000e+00
   13.314215419    38.161769071 -8.790000000e-01  1.196000000e+00
   16.815783581    39.485142941  1.026000000e+00  6.950000000e-01
   16.438333256    38.449444465  1.686000000e+00  6.910000000e-01
   23.366976405   -34.054991072  2.337000000e+00  1.072000000e+00
   -7.432891954    39.290944436 -2.800000000e-02  8.430000000e-01
   13.348455237    38.105542433 -1.170000000e+00  1.678000000e+00
  -15.407607938    28.146709409 -1.269000000e+00  6.310000000e-01
   40.483834724   -12.964458408 -4.040000000e-01  1.561000000e+00
   30.383268325   -29.600725955  1.778000000e+00  8.260000000e-01
   -8.903446870    38.571466826  6.130000000e-01  8.570000000e-01
   20.585178894    38.618999080 -1.066000000e+00  1.357000000e+00
   28.930245645   -24.013182300  1.829000000e+00  1.113000000e+00
   34.871661447    37.422113434  9.740000000e-01  1.270000000e+00
   14.793648108    36.728491464  4.870000000e-01  1.126000000e+00
   -4.849326966    38.383469891 -4.210000000e-01  7.100000000e-01
   15.779920833    39.896772643  1.066000000e+00  1.673000000e+00
   -9.294904719    38.694342341 -6.310000000e-01  1.488000000e+00
   28.224038759   -25.746344841  4.160000000e-01  6.600000000e-01
   28.282633590   -25.732027523  2.452000000e+00  6.610000000e-01
   26.265000307    39.245702234 -4.180000000e-01  1.040000000e+00
  -16.337900105    33.085570603 -8.170000000e-01  1.421000000e+00
   22.184300760    38.321745030 -3.170000000e-01  1.348000000e+00
   22.749290334   -29.667638059  1.895000000e+00  6.540000000e-01
   29.465700327   -23.923207055  1.563000000e+00  6.540000000e-01
   21.695308232    36.914173543 -2.160000000e-01  1.390000000e+00
   21.741968632    36.895512395  7.680000000e-01  1.958000000e+00
   11.971426713    36.811133166 -2.590000000e+00  8.690000000e-01
   26.921660217   -31.908101794  9.560000000e-01  7.130000000e-01
   -6.854289218    33.998103660 -3.000000000e-01  4.990000000e-01
   14.362370657    37.222562810 -5.690000000e-01  7.230000000e-01
   34.763139333    30.597605459  8.430000000e-01  6.740000000e-01
   34.796580380    28.299474482  1.360000000e-01  1.162000000e+00
   49.108314911    27.491773506 -4.270000000e-01  9.320000000e-01
   32.078384475   -28.795546405  4.320000000e-01  7.400000000e-01
   36.893480936    -1.220830023 -2.934000000e+00  8.720000000e-01
   16.159911086    39.453470457  7.000000000e-03  1.894000000e+00
   14.056830044    37.646773116  9.480000000e-01  7.540000000e-01
   24.613078935    35.387758066 -4.733000000e+00  1.913000000e+00
   55.571720085   -21.208225833 -1.400000000e+00  1.069000000e+00
   38.770799787    39.906112837  2.560000000e-01  1.219000000e+00
   25.343563510    36.454980789  6.417000000e+00  1.903000000e+00
  -17.160468074    32.845371979 -9.990000000e-01  1.794000000e+00
   21.464742963    38.055834573 -3.510000000e-01  1.410000000e+00
   -6.206268293    36.464267878 -7.010000000e-01  9.530000000e-01
   40.026108505     7.113404092  4.516000000e+00  1.422000000e+00
   28.161659121    36.292604557  1.189000000e+00  1.718000000e+00
   -5.143479128    36.754046033 -1.170000000e-01  8.130000000e-01
   16.640507494    39.599803850  4.470000000e-01  1.311000000e+00
   19.776251669   -17.910492400 -4.000000000e-03  1.583000000e+00
   50.608144251    26.209139955 -1.023000000e+00  7.870000000e-01
   28.224037258   -25.746346259 -7.220000000e-01  8.350000000e-01
   -8.959637215    37.022013803 -1.962000000e+00  1.234000000e+00
   12.805649799    37.827897773 -1.835000000e+00  1.897000000e+00
   -0.778525240    37.834908105 -3.970000000e-01  7.370000000e-01
   16.346028255    39.877037856  1.359000000e+00  7.610000000e-01
   28.123545879    38.483090129 -4.419000000e+00  1.480000000e+00
   25.422615043    36.433597164  5.586000000e+00  1.704000000e+00
   32.617255835    36.696653031 -3.740000000e-01  1.101000000e+00
   17.879210295   -29.669325619  7.640000000e-01  5.630000000e-01
   -8.692592346    38.018781497 -2.140000000e-01  6.830000000e-01
   13.079757515    37.512294937  2.320000000e-01  1.311000000e+00
   30.754497701   -30.285550884  1.871000000e+00  8.750000000e-01
   44.573889223    37.305145557  1.976000000e+00  1.543000000e+00
   16.688520753    39.035939435  1.293000000e+00  7.140000000e-01
   -5.971557073    37.345709970 -1.810000000e-01  7.450000000e-01
   55.479404249    -4.673719128 -3.107000000e+00  1.690000000e+00
   55.530630880    -4.678731632  1.005000000e+00  1.823000000e+00
   -6.205645632    36.464345530  4.860000000e-01  5.960000000e-01
   39.054008405    15.853395439  1.490000000e-01  7.160000000e-01
   38.988106742    11.985053342  1.231000000e+00  1.429000000e+00
   52.602584881    29.544369007 -5.616000000e+00  1.296000000e+00
   31.536250324    39.446521413 -1.967000000e+00  1.957000000e+00
   31.535292556    39.445283966 -4.100000000e-02  1.038000000e+00
   33.936402084    36.381890852 -1.173000000e+00  1.024000000e+00
   18.439573238   -34.187939871 -7.130000000e-01  6.360000000e-01
   15.281993777    37.076043494 -9.970000000e-01  8.080000000e-01
   42.456844197    37.525027421  1.014000000e+00  9.070000000e-01
   41.935570668    37.931908081  2.468000000e+00  1.834000000e+00
   39.329273216    37.752395656  1.929000000e+00  1.192000000e+00
   37.002494935    39.743699822  9.800000000e-02  8.160000000e-01
   23.727796551    39.121792924 -1.225000000e+00  1.266000000e+00
   24.564585364    38.904447754  1.526000000e+00  1.290000000e+00
   55.288023641   -21.195961711 -7.570000000e-01  1.440000000e+00
   34.283820645    31.228182130 -2.910000000e-01  9.880000000e-01
   -7.359561178    39.313245113 -9.610000000e-01  1.568000000e+00
   -7.751984666    38.459219253 -6.260000000e-01  7.600000000e-01
   -8.293654539    39.422779735 -6.670000000e-01  1.273000000e+00
   35.672763241   -10.689801689  2.267000000e+00  1.562000000e+00
  -16.615221662    28.096800513 -1.285000000e+00  8.940000000e-01
   25.357077807    36.357650764  3.598000000e+00  1.726000000e+00
   46.400567735    24.910676515 -7.270000000e-01  6.800000000e-01
   -3.963966928    39.675353700  2.880000000e-01  6.200000000e-01
   16.547263928    38.684272281  1.130000000e+00  1.107000000e+00
   20.673638248    38.781300222 -7.070000000e-01  8.150000000e-01
   23.155387256    37.267393469 -1.149000000e+00  1.725000000e+00
   30.185226400   -24.671521168  9.430000000e-01  7.650000000e-01
   20.393461378    -9.655051804 -4.641000000e+00  1.854000000e+00
    9.245522324    39.490418642 -2.134000000e+00  1.266000000e+00
   15.076356984    37.157614939 -2.450000000e-01  8.420000000e-01
   18.836667942   -33.844619776  7.310000000e-01  9.690000000e-01
  -16.815502840    28.297703782 -1.039000000e+00  1.091000000e+00
   -5.667345717   -15.942534006  3.970000000e-01  1.094000000e+00
   31.289847589   -29.344020494 -9.774000000e+00  1.639000000e+00
   31.290590210   -29.345657700  1.411000000e+00  9.870000000e-01
   16.914978395    39.147786425  2.020000000e-01  1.141000000e+00
   13.837448489   -11.202190848 -3.061000000e+00  1.168000000e+00
   38.818023550    37.191847535  6.150000000e-01  9.580000000e-01
   20.810463624   -32.380209636  1.355000000e+00  7.730000000e-01
   20.810462957   -32.380210223  4.930000000e-01  4.960000000e-01
   20.810911314   -32.381433665  1.004000000e+00  5.560000000e-01
   20.810463479   -32.380209725  1.185000000e+00  8.000000000e-01
   15.234179921    38.802805556 -1.437000000e+00  9.310000000e-01
   -0.861723194     9.554255922  5.400000000e-01  1.369000000e+00
    5.529644259    22.792645569 -3.480000000e-01  1.029000000e+00
   39.207924823    -6.765585765  2.816000000e+00  1.948000000e+00
   15.289091987    37.852669221  1.034000000e+00  1.265000000e+00
  -14.115155921    28.194124359 -9.260000000e-01  9.870000000e-01
   -5.602616303    36.008511674  1.133000000e+00  1.265000000e+00
   -7.649647595    37.121379590 -1.060000000e+00  1.301000000e+00
   -7.640907397    37.132306444  1.340000000e-01  7.740000000e-01
   34.871659055    28.551528523  7.540000000e-01  9.850000000e-01
   30.384006525   -23.079910348  1.648000000e+00  6.290000000e-01
   51.334093357    35.697282334  1.365000000e+00  5.830000000e-01
   34.780895171    32.067994580  1.495000000e+00  4.780000000e-01
   28.272992176   -25.383929683 -3.283000000e+00  1.803000000e+00
  -16.313831001    28.479768454 -2.594000000e+00  1.401000000e+00
   13.702165318    37.983256864 -2.150000000e-01  1.514000000e+00
  -27.152991566    38.718993738 -4.268000000e+00  1.291000000e+00
  -15.548372589    28.059543415 -1.457000000e+00  8.110000000e-01
   33.576386480   -16.147176789  9.840000000e-01  1.665000000e+00
   -5.363013537    35.561643431  4.970000000e-01  7.580000000e-01
   26.015729688   -15.746529977  2.667000000e+00  1.362000000e+00
  -22.982757396    16.754772799 -1.085000000e+00  4.890000000e-01
   15.651030346    38.108321107  1.270000000e-01  8.910000000e-01
  -13.654273938    28.952134491 -6.860000000e-01  9.860000000e-01
   27.393653360    36.380427697  2.700000000e-02  1.096000000e+00
  -16.241154214    28.477184504 -3.940000000e-01  8.750000000e-01
  -16.550786892    28.418255163 -1.112000000e+00  9.730000000e-01
  -16.718522308    28.047164455 -2.141000000e+00  1.213000000e+00
   39.545633220    39.109674138  1.273000000e+00  1.439000000e+00
   37.340530127   -11.062597994  8.960000000e-01  1.447000000e+00
   -2.997450486    16.730650270 -3.310000000e-01  1.210000000e+00
   -0.680883095    37.975316525 -7.400000000e-01  6.040000000e-01
   16.526951200    39.869093550  1.441000000e+00  1.428000000e+00
   16.526951618    39.869093792  1.690000000e+00  1.551000000e+00
   22.072736764    38.365393750 -1.294000000e+00  1.381000000e+00
   -5.855591649    39.479821219  4.030000000e-01  9.350000000e-01
   24.070558917    35.533190471 -1.190000000e-01  9.290000000e-01
   36.220872414    38.260603203 -4.300000000e-02  1.120000000e+00
   42.290460897    38.529493609  1.110000000e-01  1.585000000e+00
   16.226349922    39.431395802 -2.355000000e+00  1.512000000e+00
   -6.211893376    36.531178305  2.597000000e+00  1.407000000e+00
   -6.210494514    36.531671181 -8.500000000e-01  7.000000000e-01
   18.162010444    39.927707334 -3.490000000e-01  7.390000000e-01
   15.053399058    -7.612320508 -2.258000000e+00  1.503000000e+00
   -3.781723835    37.787764024  8.440000000e-01  8.030000000e-01
   31.420923554   -28.293118244 -3.700000000e-02  6.710000000e-01
  -15.455986154    28.070046166 -2.176000000e+00  1.298000000e+00
   28.672506846   -31.548768022  9.100000000e-02  8.540000000e-01
    7.504991299     6.424806007  2.030000000e-01  1.170000000e+00
   -6.968773291    38.896659504  2.440000000e-01  1.588000000e+00
   21.257574353   -28.407218913  1.856000000e+00  7.060000000e-01
   29.405221006    38.679213765  3.414000000e+00  1.238000000e+00
   13.179234829    38.707812940  5.460000000e-01  9.020000000e-01
   -1.208585203    39.568681399  2.660000000e-01  6.540000000e-01
   43.282916235    38.565352014  1.089000000e+00  1.831000000e+00
   57.497036598   -20.297075580 -2.070000000e-01  1.099000000e+00
   -7.248280088    39.407613198  9.960000000e-01  9.180000000e-01
   -0.337648826    39.480827427 -7.110000000e-01  6.420000000e-01
   43.345813602    38.469340037 -4.545000000e+00  1.892000000e+00
   -0.343901424    39.435710099 -1.000000000e-02  6.810000000e-01
   14.951571674    38.409426848 -9.444000000e+00  8.920000000e-01
   27.903833616   -26.660884985  1.884000000e+00  8.560000000e-01
   -3.012473026    38.167641857  3.600000000e-02  8.040000000e-01
   16.116055077    39.986108397  1.411000000e+00  8.070000000e-01
    9.520961615    39.142574119 -5.610000000e-01  1.158000000e+00
   39.751159730    37.233667395  1.276000000e+00  1.085000000e+00
   15.641489673    38.224421827  6.340000000e-01  6.720000000e-01
   20.588644273    38.176827135 -6.090000000e-01  1.115000000e+00
   -8.457014524    38.678621474 -1.083000000e+00  1.270000000e+00
   22.887241689    39.352973522  3.277000000e+00  1.959000000e+00
   33.574440281   -11.175305767  2.978000000e+00  1.318000000e+00
   26.737536832   -27.977980485  1.796000000e+00  8.480000000e-01
   17.089432202   -22.574919828  3.970000000e-01  6.180000000e-01
   19.445039806   -33.644884619  1.764000000e+00  9.940000000e-01
  -13.765511693    28.951841819 -7.600000000e-01  9.150000000e-01
   27.241705891    39.935939891 -3.500000000e-01  1.065000000e+00
   56.112334487    22.186459013 -1.606000000e+00  7.140000000e-01
   -5.240093873     6.870559513  9.970000000e-01  7.690000000e-01
   35.209671435    32.103834102  1.451000000e+00  7.250000000e-01
   34.815931413    39.824018935 -4.640000000e-01  5.460000000e-01
   34.928268631    30.991569552  1.535000000e+00  5.470000000e-01
   31.726276495    38.820466271 -1.415000000e+00  8.900000000e-01
   28.311012463   -15.425540736  3.990000000e-01  7.020000000e-01
   -6.410038213    38.426014804 -1.040000000e-01  9.620000000e-01
   35.325134548   -15.375841649  5.010000000e-01  1.258000000e+00
