71
  -22.983333000    16.750000000  1.678102822e+00  1.336227410e+00
   20.756628000    38.959078000  5.702728046e+00  1.122962705e+00
   20.712108000    38.834544000  7.837605210e+00  1.122344980e+00
   22.960100000    37.951156000  3.057205604e+00  1.402218892e+00
   21.319681000    37.644822000  5.088945396e+00  1.163860845e+00
   22.115839000    37.023678000 -9.849015577e-02  1.314321299e+00
   23.626714000    37.937328000  3.651027139e+00  1.449002570e+00
   23.589458000    38.460889000  1.789263302e+00  1.366515134e+00
   23.592631000    38.472289000  3.361070630e+00  1.189049891e+00
   26.141189000    38.371514000  2.622963373e+00  1.612397459e+00
   24.945808000    37.439969000  3.083593356e-01  1.528799621e+00
   26.847994000    37.129675000  2.474284641e+00  1.063370354e+00
   24.082481000    35.487453000  6.421621261e+00  2.018419122e+00
   24.082481000    35.487453000  3.276156011e+00  2.614469867e+00
   25.152692000    35.348475000  1.146948339e+01  2.530808507e+00
   19.905317000    39.628200000  8.509606195e+00  1.879785544e+00
   28.236439000    36.441717000 -1.225052681e+00  2.964897395e+00
   34.863160000    32.470440000  4.725700440e+00  1.837409802e+00
   34.766667000    32.083333000  1.326225428e+00  2.375198152e+00
    9.114272000    39.210192000  3.520325301e+00  1.952742332e+00
    8.309453000    39.147969000  1.756350094e+00  1.739795323e+00
   15.648917000    38.121719000  5.961409655e+00  1.496832831e+00
   13.526844000    37.285756000  2.300889771e+00  1.453176070e+00
   13.371331000    38.121411000  1.693751565e+00  1.459459267e+00
   12.604439000    35.499828000  2.219237205e+00  1.668368468e+00
   15.093825000    37.498081000  4.819521115e+00  1.551323858e+00
   39.650000000    -4.066667000  3.975864503e+00  1.298305782e+00
   40.903333000    -2.271667000  2.000343117e+00  1.274339220e+00
   14.532955000    35.820063000  3.012061586e+00  1.601318778e+00
   57.500000000   -20.150000000  4.713403546e+00  1.490298101e+00
   14.498544000   -22.949306000  3.460778488e+00  2.311161475e+00
   15.155000000   -26.643333000  4.265737205e+00  2.230753499e+00
   54.000000000    16.933333000  2.990680187e+00  1.703914764e+00
   58.866667000    20.683333000  3.360148259e+00  1.237001194e+00
  -25.671408000    37.735583000  4.268387651e+00  1.104116735e+00
  -16.913067000    32.644000000  5.052802021e+00  2.484600607e+00
  -17.117778000    32.651111000  5.913896513e+00  2.676142287e+00
   55.285005000   -20.934924000  5.109508839e+00  1.413768504e+00
  -14.385719000    -7.892847000  2.553256179e+00  1.640242325e+00
  -17.416667000    14.683333000  1.648090996e+00  1.631517080e+00
   55.533333000    -4.666667000  3.634629395e+00  1.610633433e+00
   16.867778000   -29.256667000  2.780349923e+00  1.408009287e+00
   18.440139000   -34.187778000  1.751062266e+00  1.432471984e+00
   22.135278000   -34.178611000  6.079802396e+00  1.170662519e+00
   23.045556000   -34.049444000  4.696390729e+00  1.606210602e+00
   25.629722000   -33.951111000 -2.413138386e+00  1.199351822e+00
   27.931667000   -33.027222000  1.213510779e+00  1.598801443e+00
   31.050761000   -29.874203000  2.739217473e+00  1.388184812e+00
   32.078611000   -28.811944000 -7.889792684e-02  1.494461959e+00
   -6.286200000    36.540100000  2.509607319e+00  1.305199868e+00
   -6.833690000    37.132020000  2.313865685e+00  1.265438922e+00
   -6.338130000    36.802210000  2.301328516e+00  1.267777420e+00
   -5.602600000    36.008600000  3.216333540e+00  1.023755775e+00
   -4.415460000    36.712700000  3.201905814e+00  1.480962348e+00
   -4.417090000    36.711840000  9.149736593e-01  1.143162036e+00
   -3.523600000    36.720240000 -1.336644811e+00  2.270409564e+00
   -2.478350000    36.830020000 -3.440626113e+00  2.861687282e+00
   -0.311280000    39.442030000  2.852399404e+00  1.359572789e+00
    2.638980000    39.550900000  1.948032846e+00  1.427015385e+00
    1.449840000    38.911230000  1.445830315e+00  1.959735956e+00
   -5.315890000    35.892400000  2.090527912e+00  1.027737019e+00
  -13.530000000    28.971850000  2.014247836e+00  1.127527019e+00
  -13.858220000    28.492510000  1.024097037e+00  1.905640682e+00
  -17.901630000    27.784408000 -2.749363028e+00  2.307100930e+00
  -17.768700000    28.672000000 -2.694779897e+00  1.129897948e+00
  -16.241117000    28.477217000  2.217960253e+00  1.201751825e+00
  -15.407500000    28.146600000  2.722794116e+00  1.032712376e+00
  -15.411810000    28.140560000  1.381186273e+00  1.021836837e+00
   39.183333000    -6.150000000  4.566710212e+00  1.257195310e+00
   26.716667000    38.433333000  7.888458284e-01  2.931026354e+00
   27.416667000    37.033333000 -1.470754969e-01  2.796393330e+00
