1030
   99.387521017     0.220824397  2.997000000e+00  1.741000000e+00
  130.599593188    31.824061245  2.920000000e-01  1.203000000e+00
   76.942638141    43.287575323 -3.944000000e+00  1.501000000e+00
   92.191857609    23.161651272  6.010000000e-01  1.928000000e+00
   77.511617784    13.034319356 -7.920000000e-01  1.221000000e+00
   83.825721583    27.457363380 -1.538000000e+00  1.932000000e+00
  128.976330083    36.163738824 -5.280000000e-01  6.610000000e-01
  113.094337084     3.240317437  1.188000000e+00  1.392000000e+00
  113.067219339     3.261507203 -2.260000000e-01  1.710000000e+00
   74.533181131    42.854193143  3.940000000e-01  1.644000000e+00
  115.892483519    39.608601742  1.804000000e+00  6.930000000e-01
  116.224129222    40.245324841  6.150000000e-01  1.310000000e+00
   81.714361401    28.655818680 -1.297000000e+00  1.323000000e+00
   87.272189706    26.519711329 -1.582000000e+00  1.699000000e+00
   81.200693712    29.474172313  1.796000000e+00  1.376000000e+00
  142.195028730    27.067531769 -8.400000000e-02  1.743000000e+00
  142.184579029    27.095582843 -1.329000000e+00  1.554000000e+00
  125.444199459    43.790686410 -2.580000000e-01  7.420000000e-01
   85.314082322    28.207229279  6.992000000e+00  1.156000000e+00
   74.751098221    42.998501040  3.270000000e-01  7.280000000e-01
   84.385346046    27.668241793 -2.530000000e-01  1.801000000e+00
  145.743092138    15.229696888  4.150000000e-01  1.348000000e+00
  113.561383979    22.120686322  1.120000000e-01  8.830000000e-01
  100.533920921    13.735914564 -3.377000000e+00  1.358000000e+00
  127.374479467    36.399428509  3.910000000e-01  6.220000000e-01
   85.107677097    27.608135444  2.395000000e+00  9.420000000e-01
   90.401256053    23.726685210 -1.163700000e+01  1.228000000e+00
   92.066975282    23.250138190  1.500000000e-01  1.959000000e+00
   82.817884378    28.983677642  3.129000000e+00  1.536000000e+00
   80.581781033    28.754443072 -2.606000000e+00  1.517000000e+00
   83.763463299    28.345088082  3.814000000e+00  1.788000000e+00
   80.500930268    29.733804677  1.749000000e+00  1.749000000e+00
  113.568774037    22.158957582  2.600000000e-01  1.355000000e+00
  113.542490191    22.197415503 -2.580000000e-01  9.520000000e-01
  135.928303213    33.877002076  4.951000000e+00  1.816000000e+00
  135.087646078    35.419525028 -3.347000000e+00  1.797000000e+00
  135.340699776    35.333459755  9.920000000e-01  1.744000000e+00
  135.634211024    35.155182300 -9.420000000e-01  1.413000000e+00
  135.219943535    34.326462140  1.993000000e+00  1.432000000e+00
  134.376112126    34.760424120 -3.503000000e+00  1.339000000e+00
  136.041894782    34.710645352  1.624000000e+00  1.367000000e+00
  136.173148825    34.493871927  2.978000000e+00  1.377000000e+00
  136.002644717    34.292927458  1.994000000e+00  1.975000000e+00
  135.854792903    34.241965762  4.491000000e+00  1.358000000e+00
  135.554007352    33.940795273  2.340000000e+00  1.357000000e+00
  135.882087794    33.668758442  1.627000000e+00  1.439000000e+00
  135.533844533    33.658344515  4.516000000e+00  1.565000000e+00
  134.195271954    35.529859164 -6.562000000e+00  1.465000000e+00
  133.495135391    35.506935999 -2.906000000e+00  1.072000000e+00
  133.869748464    35.493201698 -4.033000000e+00  1.430000000e+00
  134.155948535    35.340592100 -1.981000000e+00  1.959000000e+00
  132.921991934    35.491910258 -2.704000000e+00  1.010000000e+00
  133.192088075    35.310692739 -1.485000000e+00  1.106000000e+00
  132.902693233    35.309725190 -5.394000000e+00  1.289000000e+00
  132.669008971    35.233078552 -5.430000000e-01  1.228000000e+00
  132.385565727    35.031901207 -2.849000000e+00  1.240000000e+00
  132.685159294    34.856745847 -2.545000000e+00  1.342000000e+00
  132.109464206    34.777948318 -2.387000000e+00  1.311000000e+00
  131.810314105    34.624345703 -6.320000000e-01  1.229000000e+00
  133.680760499    35.282957372 -2.193000000e+00  1.558000000e+00
  133.912688631    35.105025266 -4.731000000e+00  1.479000000e+00
  133.800439638    34.738078325 -1.668000000e+00  1.440000000e+00
  133.972601412    34.590285122 -1.879000000e+00  1.560000000e+00
  132.902093884    35.035212197 -7.250000000e-01  1.294000000e+00
  132.908111071    34.633671748 -2.766000000e+00  1.413000000e+00
  133.341289882    34.612201420  2.493000000e+00  1.907000000e+00
  133.140185882    34.515622433 -8.200000000e-01  1.833000000e+00
  132.691960952    34.184635944  3.803000000e+00  1.660000000e+00
  132.531629695    34.069231339  1.185000000e+00  1.299000000e+00
  131.735326896    34.195272632 -7.370000000e-01  1.211000000e+00
  132.052732685    34.090060669  7.900000000e-01  1.277000000e+00
  131.113039358    34.020523306 -1.335000000e+00  1.029000000e+00
  132.119957037    33.845917222  8.220000000e-01  1.162000000e+00
  134.457301231    33.993687177  1.268000000e+00  1.545000000e+00
  134.211161993    33.934564033 -1.430000000e-01  1.792000000e+00
  134.175974569    34.478533820 -1.766000000e+00  1.393000000e+00
  133.899386378    34.325918259  1.435000000e+00  1.671000000e+00
  133.350698475    33.974169788  3.317000000e+00  1.429000000e+00
  133.047399952    33.884088540  2.800000000e+00  1.962000000e+00
  132.798527176    33.642732008  2.074000000e+00  1.658000000e+00
  132.743687126    33.305055583  2.493000000e+00  1.299000000e+00
  132.633640722    33.096087233  1.084000000e+00  1.596000000e+00
  133.531027563    33.625802997  5.886000000e+00  1.550000000e+00
  133.154489801    33.607021990  2.619000000e+00  1.643000000e+00
  134.099315866    33.497109887 -1.507000000e+00  1.693000000e+00
  133.089544167    33.416662353  4.340000000e+00  1.410000000e+00
  134.205532065    33.394894452 -3.662000000e+00  1.666000000e+00
  132.972131362    33.193138793  8.645000000e+00  1.730000000e+00
  132.831463189    32.961068249 -3.103000000e+00  1.614000000e+00
  132.555435029    32.738611671 -4.262000000e+00  1.493000000e+00
  130.722421367    33.929720718 -1.299000000e+00  1.088000000e+00
  130.971121532    33.867010092 -1.117000000e+00  1.546000000e+00
  130.296905340    33.683069797  1.207000000e+00  1.186000000e+00
  130.675667196    33.579768054 -2.659000000e+00  1.421000000e+00
  130.995425967    33.564733468 -1.345000000e+00  1.121000000e+00
  130.079270904    33.503037615 -3.600000000e-02  1.137000000e+00
  130.097218014    33.292003156 -2.140000000e+00  1.259000000e+00
  129.862951148    33.073386568  7.200000000e-01  1.154000000e+00
  129.958946645    32.768305194 -5.717000000e+00  1.979000000e+00
  130.621765215    33.060136326 -4.460000000e-01  1.216000000e+00
  130.872656797    32.995934819 -5.920000000e-01  1.405000000e+00
  130.748370171    32.709233494 -1.732000000e+00  1.349000000e+00
  130.827347902    32.396080423 -1.220000000e+00  1.704000000e+00
  130.179891794    32.367408264 -5.800000000e+00  1.594000000e+00
  130.656493365    32.343514482 -1.996000000e+00  1.648000000e+00
  130.986396018    32.292394935  1.030000000e-01  1.567000000e+00
  131.521150365    33.514331047  8.660000000e-01  1.528000000e+00
  131.291678755    33.383753383 -3.860000000e-01  1.390000000e+00
  131.748411006    33.096196898  9.840000000e-01  1.376000000e+00
  132.039047248    32.936357063 -6.470000000e-01  1.527000000e+00
  131.441527228    32.898896250 -1.630000000e-01  1.423000000e+00
  131.629226769    32.852224272  2.000000000e-03  1.406000000e+00
  131.364704490    32.527931984 -4.371000000e+00  1.350000000e+00
  131.583030618    32.316232624 -2.338000000e+00  1.442000000e+00
  131.347489902    32.111890360  1.055000000e+00  1.542000000e+00
  131.254457855    32.001804182  5.460000000e-01  1.605000000e+00
  130.976953731    31.877795570 -1.443000000e+00  1.699000000e+00
  131.470067712    31.785973369 -3.790000000e+00  1.549000000e+00
  130.735676092    31.743780997  3.891000000e+00  1.296000000e+00
  130.998305596    31.564604561  2.326000000e+00  1.768000000e+00
  130.340055485    31.450252045  1.950000000e-01  1.739000000e+00
  130.540595030    31.377236876 -2.047000000e+00  1.520000000e+00
  130.867106403    31.242747316 -1.559000000e+00  1.484000000e+00
  127.993676106    26.386345049  1.044000000e+00  1.253000000e+00
  127.760364554    26.312714457 -7.410000000e-01  1.591000000e+00
  127.677632708    26.194576807 -9.240000000e-01  1.455000000e+00
  137.550843025    36.114304019  1.370000000e+00  1.654000000e+00
  138.727303349    35.360770280  2.880000000e+00  1.353000000e+00
  140.858308298    43.209527053  1.544000000e+00  1.999000000e+00
  139.489192669    42.078787406 -1.677000000e+00  1.284000000e+00
  139.703457600    39.942115787  3.482000000e+00  1.410000000e+00
  139.545961354    38.563339755 -7.110000000e-01  1.811000000e+00
  140.249454007    35.129383097  6.644000000e+00  1.960000000e+00
  138.281253174    37.814758599  3.473000000e+00  1.328000000e+00
  136.900323779    37.405729249 -7.490000000e-01  1.311000000e+00
  136.148844262    36.254583584 -3.487000000e+00  1.163000000e+00
  138.764202250    34.806898664  3.230000000e-01  1.530000000e+00
  138.327413827    34.870670218 -2.301000000e+00  1.590000000e+00
  136.823842374    34.903966144  7.430000000e+00  1.110000000e+00
  135.191537110    34.144145902  4.322000000e+00  9.290000000e-01
  134.315931292    35.593686625 -2.168000000e+00  9.960000000e-01
  131.604645543    34.627588514 -3.620000000e-01  8.280000000e-01
  133.243502301    33.333499297  4.030000000e+00  9.970000000e-01
  129.849291518    33.473080409  1.300000000e-02  1.023000000e+00
  134.178114000    33.266123407 -3.095000000e+00  1.458000000e+00
  127.824670653    26.179472020  1.179000000e+00  8.670000000e-01
  137.814477554    35.777534291  2.377000000e+00  1.577000000e+00
  136.728751783    35.405133762 -7.450000000e-01  1.363000000e+00
  136.431937497    34.603334330  4.555000000e+00  1.274000000e+00
  135.589934214    33.747605126  6.960000000e-01  1.670000000e+00
  133.043231159    33.545834079  3.293000000e+00  1.603000000e+00
  132.488773571    33.039464328 -9.940000000e-01  1.682000000e+00
  132.922647862    33.391030467  3.809000000e+00  1.397000000e+00
  133.699572659    35.490399612 -4.260000000e-01  1.637000000e+00
  137.636876855    34.702116538  2.629000000e+00  1.414000000e+00
  131.384027672    33.078835965 -9.360000000e-01  1.928000000e+00
  137.595970638    36.576968134  1.618000000e+00  1.621000000e+00
  136.540476733    34.285071416  5.516000000e+00  1.284000000e+00
  132.961687464    33.103912422  4.365000000e+00  1.484000000e+00
  132.675823993    32.927690370 -3.772000000e+00  1.710000000e+00
  136.295570803    34.930733691  4.611000000e+00  1.221000000e+00
  138.794657248    34.970566920 -1.608000000e+00  1.997000000e+00
  135.426107430    34.085498740  6.343000000e+00  1.262000000e+00
  131.835003331    34.043787663  7.640000000e-01  1.306000000e+00
  136.728226970    34.490001357  6.366000000e+00  1.274000000e+00
  136.693187356    34.296610278  3.093000000e+00  1.387000000e+00
  140.898795342    42.557932832  4.978000000e+00  1.545000000e+00
  132.650322700    34.492139759 -1.050000000e-01  1.171000000e+00
  134.114168628    33.774573245  2.413000000e+00  1.730000000e+00
  135.305307533    33.769404738  2.908000000e+00  1.281000000e+00
  135.970596116    33.660804733  1.652000000e+00  1.265000000e+00
  136.024346589    33.820425769  3.043000000e+00  1.346000000e+00
  132.339819975    34.397047675  1.159000000e+00  1.279000000e+00
  136.772705175    37.000719164 -2.432000000e+00  1.519000000e+00
  137.723377106    34.672312341  2.606000000e+00  1.448000000e+00
  137.442454453    34.680381666  4.029000000e+00  1.262000000e+00
  132.268811169    34.575432472 -2.200000000e-02  1.262000000e+00
  132.596993410    33.309129733  3.957000000e+00  1.453000000e+00
  133.218865349    33.154739371  3.602000000e+00  1.279000000e+00
  134.491496648    35.535625536 -2.138000000e+00  1.649000000e+00
  129.776972185    32.581729727  2.055000000e+00  1.236000000e+00
  130.987144685    32.675161541 -2.906000000e+00  1.344000000e+00
  135.774806831    35.206649559 -4.593000000e+00  1.523000000e+00
  133.106151360    33.081763561  5.870000000e-01  1.575000000e+00
  142.946612836    43.333422945  5.292000000e+00  1.488000000e+00
  138.215247221    34.603153267 -2.752000000e+00  1.435000000e+00
  134.330456986    35.586708525 -1.814000000e+00  1.546000000e+00
  145.511511063    43.289138856 -7.050000000e+00  1.420000000e+00
  133.338931903    35.434936918 -1.410000000e+00  1.428000000e+00
  127.666381062    26.093986933  1.776000000e+00  1.229000000e+00
  141.685331382    45.407820442  1.471000000e+00  8.070000000e-01
  144.285792203    44.019411970  5.234000000e+00  9.520000000e-01
  144.371396119    42.975569376  6.324000000e+00  1.012000000e+00
  140.724532895    41.781658447  7.107000000e+00  1.620000000e+00
  139.824919124    34.918790614  3.173000000e+00  1.922000000e+00
  137.224573776    36.762174443 -8.700000000e-02  1.541000000e+00
  135.773190988    33.475947043 -2.982000000e+00  8.850000000e-01
  132.066212620    34.897312427 -1.509000000e+00  9.770000000e-01
  129.866197272    32.735118294 -2.823000000e+00  1.059000000e+00
  131.409302608    31.576969294 -4.270000000e-01  1.294000000e+00
  127.665205880    26.213327786  1.594000000e+00  1.030000000e+00
  142.194609271    27.093941962 -1.873000000e+00  1.267000000e+00
   70.316674002    39.006474502 -7.840000000e-01  1.894000000e+00
  131.015561166    30.556447253  1.410000000e+00  1.776000000e+00
   82.491196997    27.950812662  1.370000000e+00  1.418000000e+00
  144.868361213    13.589329130 -3.120000000e-01  1.693000000e+00
   87.177306680    43.471107630  4.700000000e-01  6.300000000e-01
   85.877463479    27.909759844  7.252000000e+00  9.140000000e-01
  144.802712702    13.433208235 -2.158000000e+00  1.398000000e+00
  114.138171472    22.494685181  4.940000000e-01  9.980000000e-01
  114.066568266    22.444905054  6.280000000e-01  9.850000000e-01
  113.996626629    22.418133098 -3.700000000e-02  1.065000000e+00
  114.003180418    22.255811575  3.150000000e-01  9.880000000e-01
  113.893878167    22.249064939  9.800000000e-01  1.002000000e+00
  114.228555307    22.247686202  7.460000000e-01  9.630000000e-01
  114.037843637    22.284948126  1.008000000e+00  1.014000000e+00
  114.141191087    22.322171055  2.460000000e-01  8.600000000e-01
  113.927984545    22.372003714  5.920000000e-01  9.120000000e-01
  114.269296619    22.431066930  1.322000000e+00  1.001000000e+00
  114.184244912    22.395269601  1.038000000e+00  8.970000000e-01
  114.335380484    22.434281355  7.310000000e-01  9.050000000e-01
   73.528115816     4.192709163 -1.553100000e+01  1.402000000e+00
   78.550869089    17.417258068  4.590000000e-01  7.600000000e-01
  139.467841330    35.521408799  5.957000000e+00  1.999000000e+00
  139.653747577    35.436484173  6.411000000e+00  1.952000000e+00
  139.825519607    35.311702156  7.338000000e+00  1.900000000e+00
  139.843568418    35.143709379  5.685000000e+00  1.894000000e+00
  140.268021512    35.165900956  9.051000000e+00  1.968000000e+00
  138.901858777    35.110015649  6.215000000e+00  1.741000000e+00
  139.954341651    35.254808131  4.221000000e+00  1.971000000e+00
  138.924823413    34.916114909  2.853000000e+00  1.733000000e+00
  137.672340239    34.835331215  4.180000000e+00  1.438000000e+00
  138.017526962    34.785948965  2.133000000e+00  1.531000000e+00
  138.989815607    34.751349529  2.878000000e+00  1.725000000e+00
  139.433217476    34.686785039  3.710000000e+00  1.990000000e+00
  138.445246619    35.443579534  5.855000000e+00  1.967000000e+00
  138.563434316    35.362077856  1.788000000e+00  1.853000000e+00
  138.770674360    35.305539187  5.032000000e+00  1.554000000e+00
  138.445698999    35.289461208  3.332000000e+00  1.880000000e+00
  138.253513345    35.200978698  8.000000000e-01  1.707000000e+00
  138.616987459    35.203183094  1.220000000e+00  1.657000000e+00
  138.721541507    35.173589844  3.185000000e+00  1.748000000e+00
  138.524709041    35.067407326 -3.590000000e-01  1.326000000e+00
  138.368695937    35.103458241  1.030000000e-01  1.605000000e+00
  138.134900942    35.103911500  3.188000000e+00  1.640000000e+00
  138.378295556    34.990524987 -1.080000000e-01  1.593000000e+00
  137.695235375    35.079292588  5.624000000e+00  1.528000000e+00
  138.786062109    34.776075105  1.227000000e+00  1.385000000e+00
  138.838417277    34.610000346  1.555000000e+00  1.379000000e+00
  138.074861707    34.939797032  1.160000000e+00  1.815000000e+00
  137.932146617    34.843857211  3.767000000e+00  1.407000000e+00
  137.817939914    34.941344841  4.228000000e+00  1.678000000e+00
  138.136915270    34.757756715 -2.400000000e-01  1.254000000e+00
  138.225603540    34.738308316 -3.227000000e+00  1.685000000e+00
  138.053541843    34.715251510 -3.720000000e-01  1.333000000e+00
  138.129285966    34.642902241 -3.095000000e+00  1.343000000e+00
  137.937437558    34.670420146  7.750000000e-01  1.334000000e+00
  137.911276575    34.755393464  3.576000000e+00  1.348000000e+00
  137.791791835    34.792836108  5.357000000e+00  1.407000000e+00
  137.823422088    34.671882169  4.218000000e+00  1.288000000e+00
  137.575492436    34.937675463  5.690000000e+00  1.543000000e+00
  137.434003858    34.864815120  2.543000000e+00  1.395000000e+00
  137.554340316    34.808726890  3.137000000e+00  1.324000000e+00
  137.514934785    34.718052191  5.192000000e+00  1.314000000e+00
  139.797244922    33.119950074  2.010000000e-01  1.503000000e+00
   77.570372965    13.021163541  3.320000000e-01  6.760000000e-01
  141.750435348    45.402992560  1.808000000e+00  9.120000000e-01
  143.224179239    44.433685932  2.395000000e+00  1.223000000e+00
  141.756312372    44.397950871  2.382000000e+00  1.093000000e+00
  144.675841928    43.915689963  2.997000000e+00  1.214000000e+00
  144.449008702    43.507859850  2.311000000e+00  1.251000000e+00
  142.482479069    43.589658052  4.058000000e+00  1.308000000e+00
  141.510372632    43.854010683  3.252000000e+00  1.245000000e+00
  145.129620817    43.070079148 -2.902000000e+00  1.165000000e+00
  144.431935521    42.963261522  3.095000000e+00  1.176000000e+00
  143.459231281    43.028625189  4.627000000e+00  1.325000000e+00
  142.401972241    42.980515072  1.856000000e+00  1.722000000e+00
  141.030915386    43.177853453  5.691000000e+00  1.718000000e+00
  141.730671019    42.983253195  1.878000000e+00  1.505000000e+00
  142.364604380    42.356904268  2.496000000e+00  1.957000000e+00
  139.857668101    42.450734992  3.881000000e+00  1.233000000e+00
  140.942406076    42.374215066  4.628000000e+00  1.497000000e+00
  139.519599837    42.153546486 -1.869000000e+00  1.582000000e+00
  140.107323804    42.008074692  5.582000000e+00  1.522000000e+00
  140.040651971    41.466376671  2.038000000e+00  1.467000000e+00
  139.776149943    39.967902839  3.411000000e+00  1.522000000e+00
  140.048240586    39.398696892 -6.970000000e-01  1.981000000e+00
  137.943806673    35.923580462  3.558000000e+00  1.809000000e+00
  137.487229676    36.928957939  2.321000000e+00  1.542000000e+00
  136.889165544    37.382375500  3.510000000e-01  1.278000000e+00
  136.649939433    36.663411988 -4.133000000e+00  1.574000000e+00
  136.172974204    36.231172591 -2.108000000e+00  1.205000000e+00
  136.105807510    35.602560606 -1.230000000e+00  1.443000000e+00
  135.233383577    35.549903749 -6.790000000e-01  1.633000000e+00
  137.347910039    36.135992827 -1.396000000e+00  1.571000000e+00
  137.248372912    35.800483575 -1.900000000e+00  1.763000000e+00
  136.900024249    35.526072157  4.040000000e-01  1.244000000e+00
  137.467573383    35.396764938  4.977000000e+00  1.328000000e+00
  136.158231699    35.094727435  9.710000000e-01  1.219000000e+00
  137.041284652    35.128108953  3.330000000e+00  1.288000000e+00
  136.502291314    34.758998005  4.354000000e+00  1.444000000e+00
  136.851127691    34.465387381  1.061900000e+01  1.604000000e+00
  136.198364258    34.060657350  6.207000000e+00  1.463000000e+00
  135.500974350    34.837998532  2.775000000e+00  1.742000000e+00
  135.851408453    34.392300243  4.003000000e+00  1.349000000e+00
  135.221492363    34.157685391  3.526000000e+00  1.326000000e+00
  135.764413831    33.483360212 -2.187000000e+00  1.032000000e+00
  134.550388067    34.784811978 -3.009000000e+00  1.367000000e+00
  133.058653831    35.433874660 -3.240000000e-01  1.236000000e+00
  132.208975382    35.002811697  4.900000000e-01  1.342000000e+00
  131.610374175    34.616494439  4.070000000e-01  1.107000000e+00
  133.527984214    34.548797339  3.504000000e+00  1.585000000e+00
  132.575439827    34.340353390  2.761000000e+00  1.276000000e+00
  130.913628430    33.996556018 -5.490000000e-01  9.970000000e-01
  134.023904899    34.286026587  1.535000000e+00  1.656000000e+00
  134.122125480    33.315894241 -3.166000000e+00  1.180000000e+00
  133.578264680    33.529149958  5.634000000e+00  1.298000000e+00
  133.241792613    33.272899549  5.645000000e+00  1.565000000e+00
  132.966409444    32.755738317 -2.265000000e+00  1.252000000e+00
  132.281180066    33.469008186  2.604000000e+00  1.336000000e+00
  130.476768644    33.730720019 -2.350000000e-01  1.050000000e+00
  131.691370485    33.461545836  3.006000000e+00  1.419000000e+00
  130.967821553    33.331084571 -2.138000000e+00  1.040000000e+00
  131.876375831    32.924587908  1.917000000e+00  1.377000000e+00
  129.850291305    33.476072139  1.750000000e+00  1.231000000e+00
  130.645597237    32.546409366  9.040000000e-01  1.562000000e+00
  131.632324251    32.445445130 -1.490000000e-01  1.313000000e+00
  131.469675926    32.021755961 -2.026000000e+00  1.611000000e+00
  130.190133097    32.013244344  1.079000000e+00  1.246000000e+00
  130.466452227    31.503769499 -9.500000000e-01  1.467000000e+00
  130.299482433    31.264591399  1.593000000e+00  1.422000000e+00
  127.768921257    26.144813085 -2.331000000e+00  1.858000000e+00
  142.169736341    45.335826241  3.067000000e+00  1.030000000e+00
  141.038211404    45.275968482  3.730000000e-01  8.830000000e-01
  142.537089322    45.002397690  2.671000000e+00  1.345000000e+00
  141.741397405    44.892461199  1.760000000e+00  1.088000000e+00
  142.265246881    44.728495877  2.421000000e+00  1.172000000e+00
  141.330056428    44.427048571  2.626000000e+00  9.750000000e-01
  142.625588754    44.294568225  3.111000000e+00  1.169000000e+00
  144.029774871    44.063872357  3.101000000e+00  1.079000000e+00
  145.186094807    44.019183106  5.141000000e+00  1.420000000e+00
  142.151690525    44.006778408  1.873000000e+00  1.305000000e+00
  143.333700775    44.005619867  4.185000000e+00  1.533000000e+00
  143.926946896    42.894514595  4.630000000e+00  1.336000000e+00
  144.986963407    43.549398063 -2.267000000e+00  1.229000000e+00
  143.787257262    43.848896690  3.104000000e+00  1.239000000e+00
  145.131435046    43.661823336 -2.081000000e+00  1.079000000e+00
  144.774326709    43.408687818 -7.890000000e-01  1.159000000e+00
  141.431175266    43.404679928  4.461000000e+00  1.617000000e+00
  145.114960653    43.382526890 -4.297000000e+00  1.124000000e+00
  145.801132499    43.366853082 -5.737000000e+00  1.115000000e+00
  140.597072391    43.292584299  4.268000000e+00  1.619000000e+00
  143.562424219    43.289471241  2.642000000e+00  1.093000000e+00
  144.325031125    43.232934397  8.490000000e-01  1.140000000e+00
  144.126529021    43.120607596  2.300000000e+00  1.066000000e+00
  144.843023582    43.057595350  9.300000000e-02  1.288000000e+00
  140.499171857    43.056828140  5.275000000e+00  1.358000000e+00
  140.543937975    42.985252621  5.670000000e+00  1.472000000e+00
  141.290332759    42.971378024  2.921000000e+00  1.554000000e+00
  140.603518564    42.802717832  4.694000000e+00  1.549000000e+00
  140.233203045    42.786434343  5.628000000e+00  1.136000000e+00
  141.863982815    42.729440861  3.935000000e+00  1.966000000e+00
  142.295806186    42.727237949  3.696000000e+00  1.996000000e+00
  143.103256535    42.699267988  6.490000000e+00  1.952000000e+00
  141.074955289    42.667876309  5.428000000e+00  1.657000000e+00
  141.602260090    42.655530013  2.300000000e+00  1.620000000e+00
  140.825683543    42.646290312  5.030000000e+00  1.651000000e+00
  141.361480541    42.549800647  2.466000000e+00  1.534000000e+00
  140.354196895    42.494360377  5.763000000e+00  1.402000000e+00
  142.060222505    42.481279406  1.790000000e+00  1.850000000e+00
  140.250481400    42.243677866  5.294000000e+00  1.382000000e+00
  142.935388647    42.130935727  6.560000000e+00  1.960000000e+00
  140.003946067    42.130848962  4.110000000e+00  1.286000000e+00
  140.568856411    42.098605984  5.774000000e+00  1.675000000e+00
  139.928116528    40.577642611  2.591000000e+00  1.526000000e+00
  139.547659629    39.185562788  1.022000000e+00  1.583000000e+00
  139.974888827    35.002791611  4.462000000e+00  1.879000000e+00
  139.253348319    38.465391927  4.340000000e-01  1.759000000e+00
  138.273067947    37.815901867  5.154000000e+00  1.469000000e+00
  138.100190550    37.160790562  4.141000000e+00  1.674000000e+00
  137.873846460    37.045173305  2.604000000e+00  1.783000000e+00
  136.996125501    36.740620771 -2.945000000e+00  1.749000000e+00
  137.195197168    36.634336394 -9.650000000e-01  1.611000000e+00
  137.439895518    36.578705540  9.030000000e-01  1.731000000e+00
  136.920557976    36.401879016 -1.858000000e+00  1.664000000e+00
  136.919267179    37.850495929 -1.832000000e+00  1.209000000e+00
  137.270048846    37.446027259 -4.190000000e-01  1.554000000e+00
  136.388942170    36.394456065 -2.982000000e+00  1.297000000e+00
  136.633946971    36.165289042 -4.434000000e+00  1.733000000e+00
  136.278944773    36.145619193 -4.377000000e+00  1.382000000e+00
  136.504922839    35.984908196 -2.590000000e+00  1.301000000e+00
  135.989763145    35.945004628 -4.678000000e+00  1.200000000e+00
  136.197393721    35.792782040 -3.866000000e+00  1.233000000e+00
  135.907639019    35.534409443 -7.200000000e-02  1.215000000e+00
  135.608881220    35.462714422 -7.120000000e-01  1.421000000e+00
  138.316395777    35.855978632  7.160000000e+00  1.747000000e+00
  138.247466920    36.665155036  3.735000000e+00  1.890000000e+00
  138.322523422    36.386176457  3.892000000e+00  1.919000000e+00
  138.216485376    36.208467348  5.004000000e+00  1.838000000e+00
  137.983011056    36.121109240  4.135000000e+00  1.878000000e+00
  137.696259602    35.783617768  1.867000000e+00  1.468000000e+00
  138.038317060    35.556129660  5.483000000e+00  1.655000000e+00
  137.815237158    35.521091824  6.383000000e+00  1.783000000e+00
  137.925271507    35.317144204  5.798000000e+00  1.306000000e+00
  137.587668314    35.246999096  6.399000000e+00  1.233000000e+00
  137.147171818    36.335510537  6.420000000e-01  1.617000000e+00
  136.952762704    36.033048377 -3.094000000e+00  1.574000000e+00
  137.534866854    35.973458058 -2.660000000e-01  1.411000000e+00
  136.863181137    35.866941024 -2.393000000e+00  1.674000000e+00
  136.975301843    35.757782904 -1.830000000e-01  1.361000000e+00
  137.424772661    35.657189070  1.509000000e+00  1.451000000e+00
  136.488767689    35.636153085 -2.582000000e+00  1.326000000e+00
  136.611394181    35.632897602 -3.845000000e+00  1.459000000e+00
  137.174144680    35.612086339  2.550000000e-01  1.472000000e+00
  136.687282343    35.488324268  1.670000000e-01  1.174000000e+00
  137.124687348    35.478700345  2.851000000e+00  1.279000000e+00
  136.549742748    35.371709541 -1.290000000e-01  1.453000000e+00
  137.110231485    35.367372180  2.970000000e+00  1.444000000e+00
  137.405606377    35.261966876  4.890000000e+00  1.457000000e+00
  136.593444840    35.227905548  1.868000000e+00  1.591000000e+00
  138.515677365    34.986495777 -7.750000000e-01  1.436000000e+00
  138.922253769    34.865589049  1.665000000e+00  1.789000000e+00
  136.929978642    35.334760551  4.960000000e-01  1.252000000e+00
  136.828832456    35.190106586  1.776000000e+00  1.274000000e+00
  137.253562446    35.138752668  5.547000000e+00  1.148000000e+00
  137.313163913    35.039464766  3.992000000e+00  1.170000000e+00
  137.059778825    34.994991985  2.584000000e+00  1.377000000e+00
  137.299938930    34.919746225  4.752000000e+00  1.283000000e+00
  136.867642029    34.823355419  5.617000000e+00  1.091000000e+00
  137.118997911    34.794870955  6.005000000e+00  1.141000000e+00
  137.277838296    34.648660732  5.041000000e+00  1.149000000e+00
  137.068066225    34.609238005  7.428000000e+00  1.207000000e+00
  136.636500945    34.913802559  4.718000000e+00  1.410000000e+00
  136.183451294    34.742875027  5.234000000e+00  1.239000000e+00
  136.550657059    34.547047509  8.178000000e+00  1.314000000e+00
  136.334258348    34.433139859  7.207000000e+00  1.465000000e+00
  136.820613927    34.253439179  4.617000000e+00  1.003000000e+00
  136.085901186    33.875135679  4.507000000e+00  1.316000000e+00
  136.010900231    33.741273222  2.486000000e+00  1.242000000e+00
  136.197945218    35.557331470 -1.251000000e+00  1.466000000e+00
  136.053666027    35.466286563  5.650000000e-01  1.620000000e+00
  135.913207680    35.351254673  1.497000000e+00  1.319000000e+00
  136.062827465    35.318974702  5.357000000e+00  1.581000000e+00
  136.235613439    35.269441014  2.014000000e+00  1.109000000e+00
  135.870808242    35.137039870  2.322000000e+00  1.451000000e+00
  136.145038215    34.986383996  6.835000000e+00  1.100000000e+00
  135.906165081    34.939602466  4.448000000e+00  1.407000000e+00
  136.054828353    34.869326699  3.168000000e+00  1.163000000e+00
  135.173214567    35.752353029 -4.020000000e-01  1.290000000e+00
  134.932285763    35.555681428 -1.409000000e+00  1.461000000e+00
  135.164034547    35.292336235 -1.532000000e+00  1.388000000e+00
  135.366904782    35.163786833 -4.100000000e-01  1.290000000e+00
  135.564521456    35.077582006  1.425000000e+00  1.128000000e+00
  135.665436591    34.988571610  2.881000000e+00  1.843000000e+00
  135.864150469    34.746970863  3.108000000e+00  1.412000000e+00
  135.685453147    34.777838131  4.810000000e+00  1.341000000e+00
  135.481342485    34.527309524  4.321000000e+00  1.254000000e+00
  135.627334685    34.479108202  2.981000000e+00  1.511000000e+00
  135.586946506    34.424809291  3.313000000e+00  1.541000000e+00
  135.364156280    34.406451889  4.393000000e+00  1.435000000e+00
  134.582493822    35.436746661 -3.996000000e+00  1.757000000e+00
  134.818502420    35.314898146 -4.412000000e+00  1.602000000e+00
  135.181898085    35.105284940 -3.140000000e-01  1.415000000e+00
  134.585959326    35.094453947 -1.523000000e+00  1.548000000e+00
  134.972588306    35.090784424 -1.657000000e+00  1.497000000e+00
  134.403777303    34.997594718 -1.055000000e+00  1.542000000e+00
  134.767300971    34.984685022 -1.527000000e+00  1.437000000e+00
  135.325996128    34.976789411  8.400000000e-01  1.456000000e+00
  135.176417007    34.944792470 -2.430000000e-01  1.541000000e+00
  134.545235873    34.897265697 -2.077000000e+00  1.387000000e+00
  135.215905878    34.812188742  3.800000000e-01  1.538000000e+00
  134.997233872    34.804916651 -1.349000000e+00  1.429000000e+00
  135.341778594    34.790904245  9.600000000e-01  1.373000000e+00
  134.828778825    34.786962341  2.380000000e-01  1.343000000e+00
  135.380380884    34.724250336  2.961000000e+00  1.506000000e+00
  135.172288324    34.686987791  3.710000000e-01  1.850000000e+00
  134.519567499    34.669878754 -3.181000000e+00  1.440000000e+00
  134.965705622    34.669737140  2.438000000e+00  1.448000000e+00
  135.024074400    34.577053810  3.050000000e-01  1.235000000e+00
  134.860971932    34.493319538  8.800000000e-01  1.378000000e+00
  134.881527603    34.349767693 -2.061000000e+00  1.607000000e+00
  134.736535741    34.223670076  9.430000000e-01  1.474000000e+00
  136.050385864    34.567032467  5.097000000e+00  1.491000000e+00
  135.731000926    34.539222329  3.467000000e+00  1.543000000e+00
  135.704174411    34.388300241  1.011000000e+00  1.445000000e+00
  135.963737568    34.038164535  4.474000000e+00  1.654000000e+00
  135.357962470    34.256137983  7.099000000e+00  1.499000000e+00
  135.065974272    34.271462663  2.703000000e+00  1.451000000e+00
  135.590120451    34.221827040  5.825000000e+00  1.437000000e+00
  135.384864438    33.961674009  5.710000000e-01  1.359000000e+00
  135.180084423    33.913852638  4.274000000e+00  1.485000000e+00
  135.508396370    33.785488598  3.305000000e+00  1.385000000e+00
  135.920709515    33.583913568  1.153100000e+01  1.951000000e+00
  134.046670107    35.456754632  2.000000000e-01  1.742000000e+00
  133.439071588    35.345535573 -2.136000000e+00  1.529000000e+00
  134.237367256    35.265862572 -4.280000000e-01  1.483000000e+00
  133.308531843    35.164574374 -5.340000000e-01  1.290000000e+00
  133.239878476    36.285290270  1.910000000e-01  1.155000000e+00
  132.984377069    36.093209759 -2.740000000e-01  9.310000000e-01
  132.743213930    35.392614716 -1.451000000e+00  1.295000000e+00
  132.995423090    35.195613062 -1.407000000e+00  1.276000000e+00
  132.507320538    35.185954312 -4.930000000e-01  1.108000000e+00
  132.720505482    35.019772913 -9.640000000e-01  1.091000000e+00
  131.923144018    34.767343971  1.323000000e+00  1.126000000e+00
  133.792476633    35.263538441 -4.490000000e-01  1.264000000e+00
  134.319639702    35.099641158 -2.132000000e+00  1.509000000e+00
  134.234769572    35.020881305 -2.355000000e+00  1.304000000e+00
  133.734501744    35.002961227 -1.916000000e+00  1.419000000e+00
  133.960862166    34.982543381 -1.029000000e+00  1.450000000e+00
  133.598089495    34.809692275  4.309000000e+00  1.909000000e+00
  133.929048075    34.791384440 -2.628000000e+00  1.134000000e+00
  134.165760208    34.657723569 -5.190000000e-01  1.449000000e+00
  133.796733056    34.438569067 -3.330000000e-01  1.882000000e+00
  133.120228639    34.943449777 -1.140000000e-01  1.146000000e+00
  132.277334233    34.726898509  1.490000000e+00  1.369000000e+00
  132.540240227    34.678815288  6.990000000e-01  1.232000000e+00
  133.107534000    34.672452381  2.544000000e+00  1.310000000e+00
  132.824001165    34.571300929  1.704000000e+00  1.329000000e+00
  132.463468145    34.539157732  4.050000000e-01  1.326000000e+00
  133.009799828    34.378683314  2.489000000e+00  1.603000000e+00
  131.416544748    34.439859846  1.080000000e-01  1.036000000e+00
  130.943144428    34.294607779 -4.170000000e-01  1.047000000e+00
  131.562787559    34.283735949 -7.180000000e-01  1.573000000e+00
  131.953287296    34.259081011 -1.230000000e-01  1.211000000e+00
  131.346081076    34.189489965  1.263000000e+00  1.090000000e+00
  131.530821353    34.057240073 -9.170000000e-01  1.126000000e+00
  131.286040398    33.977713618  1.587000000e+00  1.026000000e+00
  132.104441846    33.975068399  2.571000000e+00  1.140000000e+00
  134.351971437    34.096989438  1.569000000e+00  1.666000000e+00
  134.560138982    34.059906258  3.258000000e+00  1.608000000e+00
  134.230230652    34.038417126  8.530000000e-01  1.423000000e+00
  133.681285387    33.936673831  3.869000000e+00  1.646000000e+00
  134.389104282    33.878931074 -4.950000000e-01  1.546000000e+00
  134.058194554    33.877515638  2.513000000e+00  1.515000000e+00
  134.667793937    33.830241045  1.594000000e+00  1.578000000e+00
  134.533005474    33.725088434  1.111000000e+00  1.443000000e+00
  134.372026779    33.618498967  2.207000000e+00  1.509000000e+00
  134.314204103    34.472374540 -3.300000000e-02  1.330000000e+00
  134.241980320    34.254578133  1.026000000e+00  1.310000000e+00
  133.715064787    34.217394145  5.836000000e+00  1.562000000e+00
  133.925504752    34.164168179  5.297000000e+00  1.782000000e+00
  132.990232059    34.077887055  5.973000000e+00  1.826000000e+00
  133.538235164    33.938661248  1.862000000e+00  1.385000000e+00
  133.201314114    33.921204885  7.244000000e+00  1.945000000e+00
  132.911643373    33.796496535  5.140000000e+00  1.578000000e+00
  132.683969229    33.722597195  6.789000000e+00  1.297000000e+00
  132.937880506    33.569223631  7.524000000e+00  1.488000000e+00
  132.693411403    33.446764288  6.430000000e-01  1.297000000e+00
  133.805025553    33.654153194  5.492000000e+00  1.979000000e+00
  134.106905532    33.603787134  2.139000000e+00  1.482000000e+00
  134.280802120    33.527760201  5.180000000e-01  1.473000000e+00
  133.903647037    33.505735441  3.168000000e+00  1.601000000e+00
  133.280914048    33.468401406  5.783000000e+00  1.279000000e+00
  134.007133439    33.427796126  4.000000000e-03  1.516000000e+00
  133.402983523    33.407704163  6.334000000e+00  1.330000000e+00
  132.792691334    33.171644577  5.044000000e+00  1.787000000e+00
  132.999231826    32.991231958  5.133000000e+00  1.780000000e+00
  130.250821341    33.536142293 -1.460000000e-01  1.267000000e+00
  130.521959650    33.500378448 -2.545000000e+00  1.326000000e+00
  130.828752065    33.465460757  1.838000000e+00  1.243000000e+00
  130.564645007    33.205874465  7.970000000e-01  1.157000000e+00
  130.268718430    33.274851290 -3.730000000e-01  1.242000000e+00
  130.094168641    33.098475138  1.043000000e+00  1.204000000e+00
  129.482060328    34.655551754  6.690000000e-01  8.370000000e-01
  129.311501107    34.268205954 -7.080000000e-01  9.030000000e-01
  129.734725079    33.742655376  1.449000000e+00  1.258000000e+00
  129.537014054    33.362202737  1.831000000e+00  1.011000000e+00
  129.690657934    33.063101472  1.726000000e+00  9.880000000e-01
  130.271331929    32.870686513  3.380000000e-01  1.281000000e+00
  128.843116276    32.669384557  1.750000000e+00  1.300000000e+00
  130.154606073    32.636914538  1.230000000e+00  1.277000000e+00
  130.547723573    32.933495951  6.440000000e-01  1.108000000e+00
  130.764795708    32.842098666  2.055000000e+00  1.451000000e+00
  131.099303284    32.740649754  2.906000000e+00  1.803000000e+00
  129.987297793    32.326241361  9.690000000e-01  1.255000000e+00
  130.506832251    32.299156934  6.470000000e-01  1.485000000e+00
  130.802622874    32.238673405  9.900000000e-01  1.938000000e+00
  131.564165398    33.671193572  3.945000000e+00  1.021000000e+00
  131.168932291    33.496233621 -4.000000000e-02  1.119000000e+00
  131.347277544    33.254042512  4.870000000e-01  1.384000000e+00
  131.798065420    33.239435608  3.648000000e+00  1.565000000e+00
  131.286085738    33.009027602  5.150000000e-01  1.763000000e+00
  131.587843226    32.986857530  1.748000000e+00  1.660000000e+00
  131.756841537    32.704016738 -2.078000000e+00  1.348000000e+00
  131.327615291    32.684833660  6.280000000e-01  1.357000000e+00
  131.148866500    32.456640345 -2.225000000e+00  1.650000000e+00
  131.185224616    32.245855982  2.026000000e+00  1.727000000e+00
  131.515846538    32.170432910  3.880000000e-01  1.584000000e+00
  131.078568822    31.965048693  2.359000000e+00  1.486000000e+00
  131.021514418    31.740314591  1.967000000e+00  1.488000000e+00
  131.368867846    31.676545975 -5.500000000e-02  1.725000000e+00
  130.597815075    32.057501647  5.000000000e-01  1.237000000e+00
  130.759673511    31.855527867  3.461000000e+00  1.348000000e+00
  129.795441077    31.768683681  5.780000000e-01  9.970000000e-01
  130.278146521    31.717378451 -9.910000000e-01  1.579000000e+00
  130.836065302    31.617376299  1.589000000e+00  1.434000000e+00
  130.640358132    31.235224223 -1.029000000e+00  1.777000000e+00
  130.723059172    31.106204808  3.070000000e+00  1.991000000e+00
  130.964219591    30.530866757  2.576000000e+00  1.584000000e+00
  130.638375842    30.381721567  1.794000000e+00  1.892000000e+00
  129.489023962    28.399088164  2.321000000e+00  1.625000000e+00
  128.432326155    27.032184000  4.145000000e+00  1.731000000e+00
  127.898448984    26.694810120  2.263000000e+00  1.410000000e+00
  131.227801829    25.831211166  7.090000000e-01  1.019000000e+00
  125.373797500    24.753119010  2.364000000e+00  1.287000000e+00
  123.792035191    24.426272695  3.301000000e+00  1.940000000e+00
  141.167096916    45.137711585  1.715000000e+00  1.239000000e+00
  142.964461828    44.582042401  3.069000000e+00  1.374000000e+00
  143.615669931    44.219722210  2.348000000e+00  1.168000000e+00
  143.076818747    44.191942488  2.874000000e+00  1.292000000e+00
  144.293301868    43.988788817  3.823000000e+00  1.090000000e+00
  142.577715246    43.908405363  4.168000000e+00  1.216000000e+00
  144.115254832    43.828078160  4.405000000e+00  1.233000000e+00
  142.409609646    43.738523334  3.657000000e+00  1.279000000e+00
  141.873847131    43.740840159  3.892000000e+00  1.308000000e+00
  142.903019516    43.771413776  4.909000000e+00  1.354000000e+00
  143.578155567    43.670501742  2.019000000e+00  1.200000000e+00
  145.258950560    43.232104835 -4.679000000e+00  1.123000000e+00
  142.395347460    43.336264813  3.552000000e+00  1.408000000e+00
  144.597660282    43.307009042 -2.300000000e-02  1.182000000e+00
  141.890932647    43.248410970  3.687000000e+00  1.356000000e+00
  140.860617001    43.209508703  2.532000000e+00  1.355000000e+00
  142.809729827    43.165528071  3.942000000e+00  1.447000000e+00
  145.520496359    43.195164818 -5.468000000e+00  1.186000000e+00
  141.540116245    43.077588676  1.036000000e+00  1.367000000e+00
  143.170566495    42.938860271  4.186000000e+00  1.580000000e+00
  141.577416640    42.884431328  6.645000000e+00  1.599000000e+00
  141.407093141    42.773189738  3.733000000e+00  1.789000000e+00
  140.767622976    42.551379676  5.901000000e+00  1.605000000e+00
  140.876372040    42.473902059  4.500000000e+00  1.623000000e+00
  139.446148369    42.060505353 -1.523000000e+00  1.317000000e+00
  140.666868101    42.123143520  3.427000000e+00  1.920000000e+00
  140.715436049    41.976687083  6.482000000e+00  1.733000000e+00
  140.071229317    41.803027550  3.501000000e+00  1.302000000e+00
  144.719147312    42.982570835  9.790000000e-01  1.118000000e+00
  139.461684956    38.056183299 -1.932000000e+00  1.949000000e+00
  138.369881807    38.023687209  5.882000000e+00  1.737000000e+00
  137.893870435    36.950871479  3.766000000e+00  1.970000000e+00
  137.369514613    36.736958105 -7.490000000e-01  1.743000000e+00
  137.031897948    36.649561723 -2.588000000e+00  1.669000000e+00
  137.138543672    37.306969760 -6.300000000e-01  1.611000000e+00
  136.718759506    37.156744039 -1.873000000e+00  1.513000000e+00
  136.996068068    37.123156172  2.420000000e-01  1.543000000e+00
  136.755650707    36.817478535 -4.060000000e-01  1.703000000e+00
  136.605333429    36.370068828 -3.255000000e+00  1.672000000e+00
  136.184991792    35.968887026 -2.166000000e+00  1.574000000e+00
  136.055982647    35.836840962 -1.124000000e+00  1.373000000e+00
  139.270931627    34.519633530  7.976000000e+00  1.759000000e+00
  139.137574777    34.239914091  1.390000000e+00  1.963000000e+00
  139.612852709    33.884123533  4.912000000e+00  1.729000000e+00
  139.764616768    32.463501402 -2.052000000e+00  1.680000000e+00
  142.162759335    26.635150229 -8.120000000e-01  1.597000000e+00
  137.984549731    36.239029302  1.552000000e+00  1.908000000e+00
  138.499280360    36.284713217  5.598000000e+00  1.954000000e+00
  137.682626637    36.084663143 -5.180000000e-01  1.681000000e+00
  138.214483525    36.026162842  4.319000000e+00  1.686000000e+00
  137.676397074    35.343733932  5.647000000e+00  1.440000000e+00
  136.904269845    36.261467885 -1.457000000e+00  1.784000000e+00
  137.363019388    36.285642753  1.253000000e+00  1.467000000e+00
  137.200668364    35.911634439 -1.816000000e+00  1.667000000e+00
  138.776523223    34.855033427  1.519000000e+00  1.512000000e+00
  138.098288317    34.679922939 -1.785000000e+00  1.374000000e+00
  138.182963866    34.677752427 -3.970000000e+00  1.295000000e+00
  138.046522384    34.666409991 -1.894000000e+00  1.361000000e+00
  138.159037953    34.634540251 -2.854000000e+00  1.362000000e+00
  138.906893296    35.047243116  2.328000000e+00  1.492000000e+00
  138.939325708    34.698904211  2.077000000e+00  1.549000000e+00
  137.073565443    35.239086329  6.365000000e+00  1.540000000e+00
  136.965801079    35.168421475  4.701000000e+00  1.168000000e+00
  136.862749170    34.984393537  6.454000000e+00  1.304000000e+00
  136.831877455    34.904384960  6.052000000e+00  1.348000000e+00
  136.694250379    35.050911168  2.760000000e+00  1.195000000e+00
  136.393259642    34.854901072  6.349000000e+00  1.389000000e+00
  136.329759149    34.648749281  5.229000000e+00  1.627000000e+00
  136.628399111    34.431441837  8.382000000e+00  1.379000000e+00
  136.342931957    34.208157088  6.711000000e+00  1.417000000e+00
  136.264746231    35.420356736  1.977000000e+00  1.357000000e+00
  136.041199081    35.085723539  2.045000000e+00  1.019000000e+00
  135.034047791    35.685077874 -7.670000000e-01  1.457000000e+00
  135.415830531    35.482214187 -5.280000000e-01  1.225000000e+00
  135.549522493    35.275859441 -1.610000000e-01  1.486000000e+00
  135.773302605    35.053136535  1.990000000e-01  1.466000000e+00
  135.772394735    34.952642112  4.279000000e+00  1.579000000e+00
  134.677378630    35.621201408 -1.317000000e+00  1.570000000e+00
  134.728711599    35.461262002 -1.900000000e+00  1.792000000e+00
  135.022033711    35.237880081 -7.700000000e-01  1.349000000e+00
  134.771221600    35.162743120 -3.658000000e+00  1.391000000e+00
  134.945033912    34.936188984 -4.181000000e+00  1.436000000e+00
  135.528348722    34.311840180  6.818000000e+00  1.685000000e+00
  135.496196523    33.554411488 -2.490000000e-01  1.660000000e+00
  134.325279207    35.361442451 -1.592000000e+00  1.457000000e+00
  133.137887990    35.563534583 -7.250000000e-01  1.156000000e+00
  132.457325019    34.892657524 -1.578000000e+00  1.242000000e+00
  132.013558017    34.571062683 -2.680000000e+00  1.384000000e+00
  131.864313293    34.439720372 -3.560000000e-01  1.153000000e+00
  133.563990289    35.169661552 -7.240000000e-01  1.413000000e+00
  133.396275119    34.993363781 -1.831000000e+00  1.379000000e+00
  132.851575280    34.811603115 -6.370000000e-01  1.429000000e+00
  133.337633419    34.777791499  1.778000000e+00  1.603000000e+00
  132.194653002    34.370346269  2.590000000e+00  1.382000000e+00
  132.455545276    34.260921891 -9.500000000e-01  1.322000000e+00
  132.884383869    34.210068986  4.653000000e+00  1.448000000e+00
  131.152393771    34.764346494  5.040000000e-01  8.650000000e-01
  131.176160006    34.342087226 -8.200000000e-01  1.211000000e+00
  131.065669727    34.179772207 -1.090000000e-01  1.241000000e+00
  132.358335740    33.909933486  3.632000000e+00  1.137000000e+00
  134.605025054    34.171810477  7.040000000e-01  1.466000000e+00
  133.874988197    34.039739439  3.132000000e+00  1.566000000e+00
  134.301467345    33.789531153 -3.200000000e-01  1.413000000e+00
  133.998679240    34.445454952  1.020000000e-01  1.316000000e+00
  133.780674373    34.383399467  1.293000000e+00  1.506000000e+00
  133.189099603    34.252445552  2.343000000e+00  1.405000000e+00
  132.781739455    33.959472791  4.342000000e+00  1.271000000e+00
  132.487254778    33.611594507  5.679000000e+00  1.411000000e+00
  132.543755441    33.177587958  7.103000000e+00  1.909000000e+00
  133.228469926    33.326909997  7.048000000e+00  1.380000000e+00
  133.128636820    33.215432010  6.852000000e+00  1.412000000e+00
  130.749551320    33.745508123 -1.913000000e+00  1.222000000e+00
  131.016530603    33.697403756  1.248000000e+00  1.155000000e+00
  130.823889260    33.640463299 -1.046000000e+00  1.212000000e+00
  130.701153465    33.327224532  2.000000000e-02  1.166000000e+00
  129.940087832    33.196030407  7.270000000e-01  1.287000000e+00
  129.690023993    33.266119738  3.700000000e-01  1.178000000e+00
  129.125510783    33.255789852  8.070000000e-01  8.870000000e-01
  129.026341876    32.885628352  1.327000000e+00  1.135000000e+00
  130.166426940    32.795701275  1.058000000e+00  1.216000000e+00
  130.335959598    32.793014269 -1.517000000e+00  1.311000000e+00
  130.216660349    32.712291564  1.009000000e+00  1.239000000e+00
  130.352273941    32.722573949  4.440000000e-01  1.809000000e+00
  130.290715888    32.660650659  1.211000000e+00  1.543000000e+00
  128.619361560    32.634274532  1.398000000e+00  9.360000000e-01
  131.062902470    33.121957215 -2.197000000e+00  1.452000000e+00
  130.748619154    33.011289845 -1.470000000e-01  1.185000000e+00
  130.996220411    32.870745940  2.289000000e+00  1.870000000e+00
  130.794904403    32.576725862 -8.840000000e-01  1.456000000e+00
  131.093424134    32.950651776 -3.488000000e+00  1.809000000e+00
  131.132149204    32.845001674 -1.144000000e+00  1.585000000e+00
  131.356638351    33.537123211  1.077000000e+00  1.228000000e+00
  131.588431676    33.349852598  1.002000000e+00  1.454000000e+00
  131.121134352    33.270272024  3.120000000e-01  1.266000000e+00
  131.579482170    33.228426963  8.700000000e-01  1.319000000e+00
  130.915737638    33.190574174 -2.590000000e-01  1.161000000e+00
  131.530675972    32.557048421  6.350000000e-01  1.748000000e+00
  131.334015883    32.384398442  3.250000000e+00  1.609000000e+00
  131.486020438    32.069106898 -2.896000000e+00  1.562000000e+00
  130.865632490    32.047718509  6.228000000e+00  1.704000000e+00
  131.306308640    31.842098752  1.746000000e+00  1.517000000e+00
  131.305869570    31.399105378  1.923000000e+00  1.996000000e+00
  130.179653772    32.197073889 -1.404000000e+00  1.232000000e+00
  130.439657034    31.908839719  2.900000000e-01  1.390000000e+00
  130.651891023    31.624098005  8.372000000e+00  1.482000000e+00
  130.708539750    31.591841506 -1.187000000e+00  1.709000000e+00
  130.637355489    31.552221713  5.760000000e-01  1.315000000e+00
  130.699402946    31.496152806  2.869000000e+00  1.771000000e+00
  130.274983037    30.784655299 -2.409000000e+00  1.392000000e+00
  131.028596837    30.753325252  2.445000000e+00  1.642000000e+00
  130.198246373    30.461389447 -1.271000000e+00  1.360000000e+00
  130.903231674    30.398676797  2.350000000e+00  1.674000000e+00
  129.705743166    29.615330051  1.053000000e+00  1.481000000e+00
  129.693572050    28.487218890  3.492000000e+00  1.119000000e+00
  130.028955266    28.371131330  6.723000000e+00  1.837000000e+00
  129.921670667    28.293980505  4.436000000e+00  1.707000000e+00
  129.320445162    28.137582509  5.078000000e+00  1.964000000e+00
  127.945053616    26.944488205  2.921000000e+00  1.369000000e+00
  127.231629417    26.582876653  1.714000000e+00  1.286000000e+00
  127.972389519    26.482731372  1.465000000e+00  1.385000000e+00
  127.832731104    26.446925220  2.585000000e+00  1.478000000e+00
  127.143649021    26.372935740  1.718000000e+00  1.393000000e+00
  126.739146218    26.347830277  1.928000000e+00  1.232000000e+00
  127.345252121    26.178793942  1.568000000e+00  1.209000000e+00
  127.826182330    26.168607925  3.089000000e+00  1.070000000e+00
  131.290672705    25.953726768  1.327000000e+00  9.690000000e-01
  125.170978596    24.827958203  2.352000000e+00  1.245000000e+00
  124.692438920    24.641615108 -2.290000000e-01  1.309000000e+00
  124.301287436    24.536624419  2.002000000e+00  1.435000000e+00
  123.795845528    24.061500606  1.594000000e+00  1.636000000e+00
  135.789847500    34.882030976  1.675000000e+00  1.358000000e+00
  135.618821548    34.621052781  3.279000000e+00  1.413000000e+00
  134.659664071    34.864121132 -1.298000000e+00  1.313000000e+00
  135.706028383    34.698335054  2.440000000e+00  1.561000000e+00
  135.819862656    34.573999611  3.937000000e+00  1.306000000e+00
  134.175790885    34.809568143 -1.561000000e+00  1.358000000e+00
  133.757015918    34.579146907  5.420000000e-01  1.627000000e+00
  133.288116742    34.450439886  3.829000000e+00  1.551000000e+00
  132.820218843    34.334874591  2.375000000e+00  1.556000000e+00
  132.219136893    34.191180305  1.977000000e+00  1.588000000e+00
  129.954856718    33.372181353  9.660000000e-01  1.173000000e+00
  130.444515732    33.346487048  2.238000000e+00  1.479000000e+00
  129.989685637    32.945586638  1.861000000e+00  1.211000000e+00
  130.430445594    32.581674119  9.660000000e-01  1.410000000e+00
  130.085186806    32.524533689  5.210000000e-01  1.265000000e+00
  130.323633577    32.426273543  3.253000000e+00  1.818000000e+00
  130.469451847    31.675101445  1.770000000e+00  1.411000000e+00
  130.135762493    31.415891836 -1.080000000e-01  1.193000000e+00
  141.598229515    45.219767592 -1.331000000e+00  1.029000000e+00
  142.351839761    45.126774336 -3.240000000e-01  1.179000000e+00
  142.717915671    44.780171170  3.016000000e+00  1.171000000e+00
  141.793916659    44.639926329  2.412000000e+00  1.094000000e+00
  142.264529108    44.365127448  3.277000000e+00  1.283000000e+00
  141.664598782    44.148753363  2.293000000e+00  1.081000000e+00
  144.506409246    43.722779085  5.302000000e+00  1.126000000e+00
  141.370583695    43.624329190  2.771000000e+00  1.277000000e+00
  142.643059768    43.431633344  4.322000000e+00  1.670000000e+00
  143.901986414    43.101690980  4.395000000e+00  1.276000000e+00
  142.084599881    42.933772135  2.465000000e+00  1.441000000e+00
  143.494971989    42.806507780  5.954000000e+00  1.658000000e+00
  140.371234103    41.934853228  5.431000000e+00  1.585000000e+00
  137.528780107    35.575092126  4.119000000e+00  1.342000000e+00
  136.470304834    35.359730882 -5.770000000e-01  1.684000000e+00
  138.876471849    34.719474052  1.516000000e+00  1.466000000e+00
  138.609973708    35.117152606 -1.198000000e+00  1.716000000e+00
  138.209983626    35.066974459 -4.970000000e-01  1.547000000e+00
  138.081683884    35.044883715  4.028000000e+00  1.557000000e+00
  137.946810081    34.902050961  5.149000000e+00  1.640000000e+00
  138.176744847    34.849413500 -5.880000000e-01  1.710000000e+00
  137.680776936    34.752041495  5.373000000e+00  1.448000000e+00
  136.788823784    35.300837297  1.054000000e+00  1.309000000e+00
  134.588209097    35.283343185 -7.207000000e+00  1.649000000e+00
  136.096989664    34.179952497  5.852000000e+00  1.763000000e+00
  135.735179785    33.969481733  1.104000000e+00  1.682000000e+00
  135.708789725    33.637171195  2.352000000e+00  1.440000000e+00
  134.393429612    34.217797709  1.222000000e+00  1.446000000e+00
  132.046093807    33.367968506  3.498000000e+00  1.196000000e+00
  132.475346255    33.384372935  4.986000000e+00  1.429000000e+00
  133.362641471    33.704284357  7.457000000e+00  1.617000000e+00
  130.464992428    33.097353476  2.300000000e-02  1.159000000e+00
  129.720712473    32.839611041  1.123000000e+00  1.136000000e+00
  131.206798093    33.127843037 -3.445000000e+00  1.462000000e+00
  130.360660658    32.098434374  3.870000000e-01  1.208000000e+00
  130.238975204    31.906164270  1.085000000e+00  1.256000000e+00
  130.408000672    31.796020404  1.422000000e+00  1.342000000e+00
  130.599593625    31.824060904 -6.270000000e-01  1.684000000e+00
  138.762789864    34.690254540  9.380000000e-01  1.689000000e+00
  138.331217786    34.836165731 -2.192000000e+00  1.473000000e+00
  138.249898848    34.954346676  1.010000000e+00  1.859000000e+00
  134.049544759    35.174887225 -1.428000000e+00  1.547000000e+00
  137.868761881    35.160451111  5.142000000e+00  1.517000000e+00
  141.955249770    45.514113712  1.274000000e+00  9.000000000e-01
  141.881786038    45.230105877  1.947000000e+00  9.260000000e-01
  142.292257990    44.990504369  1.228000000e+00  1.241000000e+00
  142.021780708    44.916065522  1.150000000e-01  1.182000000e+00
  142.038714780    44.743242138  2.177000000e+00  1.268000000e+00
  142.571167488    44.546499996  2.659000000e+00  1.150000000e+00
  142.935843808    44.332294084  3.130000000e+00  1.354000000e+00
  141.872171167    44.317663865  2.669000000e+00  1.143000000e+00
  143.364586453    44.260854034  3.327000000e+00  1.246000000e+00
  142.400899619    44.165474367  2.976000000e+00  1.258000000e+00
  142.601246902    44.114449021  2.694000000e+00  1.218000000e+00
  144.993504240    44.065032642  4.989000000e+00  1.268000000e+00
  141.860750236    44.052106334  3.191000000e+00  1.198000000e+00
  143.534156723    43.909926643  2.855000000e+00  1.343000000e+00
  142.236541139    43.889291284  2.410000000e+00  1.252000000e+00
  143.176695024    43.878721794  3.773000000e+00  1.391000000e+00
  145.056862291    43.794028000  1.141000000e+00  1.240000000e+00
  142.132310254    43.725658405  3.556000000e+00  1.244000000e+00
  143.381084122    43.710323630  3.176000000e+00  1.225000000e+00
  142.794410656    43.646906959  3.572000000e+00  1.790000000e+00
  143.991733862    43.644561396  4.574000000e+00  1.212000000e+00
  145.220367314    43.555994362 -3.261000000e+00  1.186000000e+00
  144.719044048    43.545927431  8.710000000e-01  1.298000000e+00
  142.187611848    43.521577272  2.407000000e+00  1.334000000e+00
  141.616768215    43.504215946  3.930000000e+00  1.457000000e+00
  143.753855282    43.473580970  3.709000000e+00  1.152000000e+00
  143.187049581    43.366470975  3.443000000e+00  1.629000000e+00
  140.378275871    43.320704658  2.666000000e+00  1.096000000e+00
  141.345958321    43.240529117  2.897000000e+00  1.433000000e+00
  141.652027286    43.220894610 -3.200000000e-01  1.453000000e+00
  144.970728287    43.218189340 -1.785000000e+00  1.150000000e+00
  143.027762537    43.171330566  3.647000000e+00  1.236000000e+00
  142.567034259    43.165047689  4.596000000e+00  1.249000000e+00
  144.496498010    43.149391787  6.040000000e-01  1.189000000e+00
  141.203292473    43.140395702  4.363000000e+00  1.730000000e+00
  143.597702461    43.123895543  5.529000000e+00  1.123000000e+00
  140.811118366    43.082595776  6.247000000e+00  1.680000000e+00
  142.532256554    42.890633825  4.066000000e+00  1.506000000e+00
  143.655538632    42.800342769  4.896000000e+00  1.623000000e+00
  142.953685921    42.803340180  5.813000000e+00  1.998000000e+00
  140.011776498    42.685336370  4.922000000e+00  1.304000000e+00
  143.312795958    42.673963032  9.233000000e+00  1.857000000e+00
  140.535026176    41.711325174  6.430000000e+00  1.681000000e+00
  140.010994377    40.730633515  3.469000000e+00  1.450000000e+00
  139.968469797    35.143802659  5.644000000e+00  1.950000000e+00
  137.026432070    36.919508075 -2.094000000e+00  1.961000000e+00
  137.551325921    36.864344686 -3.980000000e-01  1.614000000e+00
  137.154473539    36.757950570 -2.373000000e+00  1.910000000e+00
  136.806402485    36.592090629 -4.362000000e+00  1.886000000e+00
  137.033940489    37.432258517 -5.590000000e-01  1.352000000e+00
  136.908771929    37.226436396  2.530000000e-01  1.821000000e+00
  136.540674238    36.537265967 -6.758000000e+00  1.772000000e+00
  136.361644801    36.229563298 -3.209000000e+00  1.922000000e+00
  136.048947649    36.109733405 -4.549000000e+00  1.380000000e+00
  136.657739605    35.901414311 -3.403000000e+00  1.606000000e+00
  136.339579077    35.888216899 -3.052000000e+00  1.168000000e+00
  135.755643748    35.486572634 -2.167000000e+00  1.485000000e+00
  138.606867967    35.467692088  5.090000000e+00  1.726000000e+00
  138.096727051    36.706646895  5.211000000e+00  1.807000000e+00
  138.120946113    36.523603854  4.516000000e+00  1.731000000e+00
  138.366043092    36.260987411  3.958000000e+00  1.883000000e+00
  137.785435701    35.944601087  2.331000000e+00  1.628000000e+00
  138.095706351    35.878418332  5.075000000e+00  1.569000000e+00
  137.450879324    35.815552816  1.351000000e+00  1.824000000e+00
  137.620156300    35.661228179  1.774000000e+00  1.621000000e+00
  137.080527847    36.140263388 -2.006000000e+00  1.556000000e+00
  136.784619663    35.723488066 -3.262000000e+00  1.523000000e+00
  137.309093332    35.523128902  2.316000000e+00  1.504000000e+00
  136.545290733    35.480059467 -6.600000000e-01  1.349000000e+00
  137.252316800    35.300550886  5.313000000e+00  1.418000000e+00
  137.575331133    35.100022798  5.644000000e+00  1.438000000e+00
  137.152388338    34.917340857  3.258000000e+00  1.197000000e+00
  137.338768758    34.785914767  2.446000000e+00  1.348000000e+00
  136.938479883    34.740051503  5.523000000e+00  1.202000000e+00
  136.474457153    34.420325849  4.273000000e+00  1.118000000e+00
   57.763900455    25.649489176 -4.800000000e-01  1.027000000e+00
  126.462179448    33.288342765 -4.060000000e-01  7.730000000e-01
  114.491019423    30.515565345  3.670000000e-01  1.461000000e+00
   82.192570362    29.277817516  2.560000000e+00  1.165000000e+00
   83.743295596    28.805276129  3.813000000e+00  9.430000000e-01
   92.135311376    24.498420892  1.622000000e+00  1.902000000e+00
   73.943508111    41.384938333  1.013000000e+00  7.490000000e-01
  139.488120914    35.710342196  7.314000000e+00  1.998000000e+00
  135.046156135    48.521454061  1.595000000e+00  1.130000000e+00
   66.885445318    39.134766811 -1.246000000e+00  9.060000000e-01
   85.278802368    27.800722881  1.950000000e-01  1.180000000e+00
   83.603291924    27.766849073  6.950000000e-01  9.470000000e-01
  118.388579299    24.463822453  1.500000000e+00  1.285000000e+00
   78.199207818    41.867798019  2.922000000e+00  5.370000000e-01
  130.878573163    31.425311936  1.622000000e+00  1.551000000e+00
  127.519185645    34.453776939 -1.522000000e+00  9.270000000e-01
   92.217075711    22.498615160 -1.671000000e+00  1.994000000e+00
   78.360872685    42.775583417 -2.642000000e+00  1.251000000e+00
   78.580385110    42.499435266 -1.985000000e+00  1.429000000e+00
  103.139147237     5.318889215  1.937000000e+00  1.514000000e+00
   78.190384578    41.863521081  4.674000000e+00  1.111000000e+00
  102.797193697    25.029539892  6.900000000e-02  9.500000000e-01
   91.103991262    29.657340924  1.173000000e+00  1.112000000e+00
   91.104024147    29.657331542  1.775000000e+00  8.410000000e-01
   84.573411949    28.174115514  2.297000000e+00  1.676000000e+00
   71.680430095    37.542294833  2.011000000e+00  1.068000000e+00
   91.844664887    22.851228378 -9.470000000e-01  1.785000000e+00
  126.381412673    34.816850091  1.587000000e+00  6.780000000e-01
  128.743973219    35.491371169  8.000000000e-02  8.510000000e-01
  106.899692175    47.916273539 -1.246000000e+00  1.346000000e+00
   90.030129259    24.604238622 -1.410000000e+00  1.665000000e+00
   59.479818377    36.334724549  2.275000000e+00  1.909000000e+00
  117.881647241     4.262774994 -5.330000000e-01  5.220000000e-01
  100.713645326    14.043016160 -4.926000000e+00  1.699000000e+00
   81.595301623    28.117173349 -6.810000000e-01  1.038000000e+00
  103.679956147     1.345802274 -4.790000000e-01  1.121000000e+00
   87.392136581    26.866088805 -2.203000000e+00  1.159000000e+00
  127.768916182    26.144816930 -2.698000000e+00  1.001000000e+00
   72.777493990    40.529934021  3.440000000e-01  1.283000000e+00
  127.024034101    37.077567186  1.081000000e+00  7.860000000e-01
  127.024033219    37.077567484  7.590000000e-01  1.324000000e+00
  134.450238669     7.328157187 -8.370000000e-01  1.384000000e+00
  121.142934869    16.481551782  1.388000000e+00  1.847000000e+00
   92.712136397    11.637779786  1.975100000e+01  1.869000000e+00
   92.712136312    11.637779728  1.895500000e+01  1.414000000e+00
  121.077731695    14.635719541  1.913000000e+00  1.530000000e+00
  101.447428892     0.459310168 -1.450000000e+00  1.884000000e+00
   79.484903979    43.327512584  2.282000000e+00  8.340000000e-01
   74.694265834    42.679770125  6.070000000e-01  5.510000000e-01
   88.638014536    24.370946985 -3.400000000e-02  1.889000000e+00
   86.550006825    27.305124078  2.086000000e+00  1.541000000e+00
   86.597057911    26.990947053  4.400000000e-02  1.849000000e+00
  130.878577617    31.425309016 -2.460000000e-01  1.979000000e+00
  141.844818945    43.528643930  3.701000000e+00  1.379000000e+00
  142.195027852    27.067532065 -3.900000000e-02  1.680000000e+00
  127.024031507    37.077568127  1.385000000e+00  8.650000000e-01
  116.310481222    39.991832310 -1.556000000e+00  1.054000000e+00
  128.456933750    36.934231283 -7.530000000e-01  6.650000000e-01
   77.016898180    43.178732005  6.120000000e-01  7.790000000e-01
  126.955527334    37.462517862  5.140000000e-01  1.092000000e+00
   87.634085063    43.792724287  6.510000000e-01  1.631000000e+00
   79.874177106     6.892075397  6.920000000e-01  9.520000000e-01
  121.200444274    31.099642398 -6.140000000e-01  6.290000000e-01
   75.315467780    42.620713536  5.790000000e-01  1.581000000e+00
   68.122781299    37.562099404 -1.265000000e+00  8.160000000e-01
   84.984415556    27.164632956  4.398000000e+00  1.631000000e+00
   91.662454580    22.614826502 -2.248000000e+00  1.665000000e+00
  128.564754559    38.250962203 -3.500000000e-01  7.800000000e-01
  126.918003030    37.493527042  1.392000000e+00  7.050000000e-01
   81.806540661    29.969384175  3.450000000e+00  1.040000000e+00
  135.936954238    33.577854861 -2.320000000e+00  9.820000000e-01
   85.798856058    27.384827200  7.870000000e-01  1.223000000e+00
  141.844818600    43.528644126  2.926000000e+00  1.242000000e+00
   73.997104808    44.208131191  2.350000000e-01  5.980000000e-01
  127.054241426    37.275514368  1.350000000e-01  6.070000000e-01
   86.712456405    27.814233308  3.548000000e+00  1.065000000e+00
  114.138202998    22.494719819  1.028000000e+00  1.585000000e+00
   72.210447340    42.445464989  1.396000000e+00  6.570000000e-01
   77.804769017    41.729130708 -1.540000000e-01  1.138000000e+00
   69.295566557    41.328049071  1.300000000e-01  8.500000000e-01
  120.987389534    24.797986127  6.340000000e-01  1.260000000e+00
  120.987345004    24.797954441 -3.510000000e-01  1.368000000e+00
  133.699000863    35.490399940  3.340000000e-01  1.465000000e+00
  100.403570961     6.029608537 -6.580000000e+00  1.876000000e+00
   87.709812341    27.352240645  2.921000000e+00  1.356000000e+00
  140.087496442    36.105679624 -7.320000000e-01  1.760000000e+00
  121.164500824    24.953565348  3.024000000e+00  1.644000000e+00
  107.052326144    47.865067693  8.760000000e-01  6.410000000e-01
  110.424699304     1.468309381 -9.990000000e-01  1.538000000e+00
  116.112031209     6.039232434 -2.017000000e+00  1.770000000e+00
   87.600666961    43.807949350 -3.800000000e-02  9.060000000e-01
  138.362013489    36.133114899  3.539000000e+00  1.378000000e+00
  132.196097614    43.359568849  7.830000000e-01  1.318000000e+00
  114.357263373    30.531680560 -1.659000000e+00  1.569000000e+00
  114.357260715    30.531653192  6.560000000e-01  8.330000000e-01
   56.112334487    22.186459013 -1.606000000e+00  7.140000000e-01
  127.001347892    37.541121306  7.860000000e-01  1.386000000e+00
  142.716719301    47.029735508  6.670000000e-01  7.470000000e-01
  136.503756929    35.104761913  2.183000000e+00  1.709000000e+00
  137.423131829    34.967480576  4.642000000e+00  1.425000000e+00
  136.981748707    34.543913815  6.857000000e+00  1.601000000e+00
  136.801997342    34.373579489  6.734000000e+00  1.586000000e+00
  136.388491766    34.297927274  7.071000000e+00  1.450000000e+00
  136.139968516    33.932948216  4.538000000e+00  1.599000000e+00
  135.290340006    34.090849793  3.008000000e+00  1.805000000e+00
  135.399127161    33.854500040  3.793000000e+00  1.526000000e+00
  135.871088514    33.799082629  2.270000000e-01  1.727000000e+00
  135.405998917    33.647250879  2.515000000e+00  1.374000000e+00
  135.834141482    33.520080256 -2.616000000e+00  1.477000000e+00
  134.510026615    33.932797042  3.171000000e+00  1.786000000e+00
  134.484551779    33.821977818  4.180000000e-01  1.455000000e+00
  132.564703535    33.510354897  5.356000000e+00  1.817000000e+00
  132.360387804    33.202180970  1.215000000e+00  1.492000000e+00
  133.431705224    33.545726205  8.077000000e+00  1.964000000e+00
  134.056191386    33.367383165 -1.142000000e+00  1.692000000e+00
  132.974023185    33.312131603  7.902000000e+00  1.979000000e+00
  132.822078764    33.060120480  4.210000000e+00  1.836000000e+00
   61.715920558    30.841279021  2.465000000e+00  1.198000000e+00
