179
  111.816667000    21.583333000  1.773596258e+00  1.396706433e+00
  112.880000000     9.550000000  3.038152954e+00  1.411432717e+00
  112.333333000    16.833333000  3.437220214e+00  1.689446346e+00
  121.283333000    28.083333000  6.156099264e+00  1.656456771e+00
  121.616667000    32.133333000  5.900096978e+00  2.333205575e+00
  121.683333000    38.866667000  3.544573874e+00  2.585034010e+00
  144.653333000    13.438333000 -3.018193717e+00  1.772065656e+00
  144.796667000    13.428333000 -3.598374157e+00  2.603904562e+00
  114.302778000    22.183056000  5.048361505e+00  1.804469910e+00
  114.213333000    22.291111000  6.163899741e-01  1.387053522e+00
  114.288611000    22.269722000  2.688110611e+00  1.557121070e+00
  114.183889000    22.442500000  3.861113091e+00  1.379158407e+00
  114.014167000    22.487222000  1.816190033e+00  1.427703709e+00
  113.894444000    22.220278000 -2.852606497e-01  1.302701179e+00
   69.083333000    22.466667000  3.047589813e+00  1.928479696e+00
   73.800000000    15.416667000  5.135398987e+00  1.365897182e+00
   74.116667000    14.800000000  4.586738971e+00  1.950594312e+00
   74.800000000    12.916667000  5.177318448e+00  1.994329148e+00
   76.266667000     9.966667000  2.673414408e+00  1.420165284e+00
   80.300000000    13.100000000  2.838153197e+00  1.743078574e+00
  125.200000000     1.433333000  3.388506831e+00  1.814592448e+00
  143.366667000    44.350000000  1.247610185e+00  2.608358443e+00
  144.285833000    44.019444000  1.113559684e+00  9.435224799e-01
  145.567778000    43.278056000  5.893569978e+00  8.987109470e-01
  144.371389000    42.975556000  2.158376219e+00  9.023524696e-01
  140.724722000    41.781667000 -3.317272714e+00  1.188190809e+00
  140.381389000    41.242500000 -2.999235387e+00  1.306550336e+00
  140.858056000    43.209444000  7.614456811e-01  1.367787620e+00
  141.685278000    45.407778000  2.465978962e+00  1.314020133e+00
  141.527778000    40.531667000  1.819920586e+00  2.314977945e+00
  141.975278000    39.643056000  2.298854176e+00  1.518649735e+00
  141.889167000    39.273333000  6.983163875e+00  2.088614500e+00
  141.753333000    39.019722000  5.220809627e+00  2.057082647e+00
  141.505278000    38.296667000  1.086351589e+01  2.146106605e+00
  140.962222000    37.830833000  6.213456733e+00  2.246109101e+00
  140.891944000    36.937500000 -1.713801303e+00  2.097646412e+00
  140.858333000    35.744444000  5.302925977e+00  1.249723421e+00
  140.249444000    35.129444000 -3.499454915e-01  1.275718514e+00
  139.825000000    34.918889000  3.219091974e+00  1.224615057e+00
  139.770000000    35.648611000 -1.360916632e-02  1.461858254e+00
  139.651389000    35.288056000  2.991757958e+00  1.333142821e+00
  139.615278000    35.160278000  3.688124750e+00  1.262336615e+00
  139.391389000    34.789444000 -7.873338030e-01  1.271675730e+00
  139.133056000    34.895556000 -4.114152642e+00  1.363813709e+00
  138.890278000    35.017222000  2.207542761e+00  1.422012538e+00
  138.764167000    34.806944000  3.433040966e+00  1.477077686e+00
  138.517500000    35.011667000  5.569655811e+00  1.439189199e+00
  138.327222000    34.870556000 -4.588087929e-01  1.576275202e+00
  138.222222000    34.608333000  6.507473459e+00  1.466562490e+00
  137.608889000    34.681944000 -2.988074777e+00  1.605404094e+00
  136.823611000    34.903889000 -3.627530246e+00  1.783764829e+00
  136.880833000    35.091389000 -3.232840686e+00  1.891636669e+00
  136.207222000    34.076389000 -1.425538800e+00  1.574742110e+00
  135.896389000    33.558333000  4.152982635e+00  1.530723269e+00
  135.773333000    33.475833000  6.323238060e+00  1.708190985e+00
  135.375278000    33.683611000  2.029111693e+00  1.762727004e+00
  135.191389000    34.144167000 -6.488018611e-01  1.857931236e+00
  135.145556000    34.221667000  4.050239813e-01  1.877639303e+00
  135.178056000    34.338889000  2.774845631e+00  1.869961360e+00
  135.432778000    34.658056000  3.589467982e+00  1.862833770e+00
  135.190278000    34.682222000  4.651183669e+00  1.900402123e+00
  134.906667000    34.340556000  2.477365697e+00  1.925632939e+00
  133.949444000    34.488611000  4.668290627e+00  1.983452707e+00
  132.550278000    34.240556000  4.068912719e+00  1.903993176e+00
  132.464722000    34.353056000  3.945490535e+00  1.920780069e+00
  131.802778000    34.040833000  5.125021097e+00  1.932880223e+00
  133.243333000    33.333611000 -1.553592626e+00  1.798366346e+00
  133.569167000    33.499167000  2.903054736e-01  1.896536030e+00
  132.958889000    32.779167000  2.836974468e+00  1.672795238e+00
  132.551111000    33.227222000  7.885369564e-01  1.769400640e+00
  132.712222000    33.858889000  9.564071562e-01  1.818161537e+00
  134.056944000    34.351389000  2.655506960e+00  2.009093980e+00
  134.587778000    34.009167000  1.437253534e-01  1.978558468e+00
  134.164444000    33.266389000  8.273708721e+00  1.674593873e+00
  131.686667000    33.266111000  2.237713284e+00  1.916952123e+00
  131.669444000    32.428611000  1.504742818e+00  1.885114978e+00
  131.409444000    31.576944000  2.644132537e+00  1.725399583e+00
  130.992222000    30.735000000  1.510067331e+00  1.908230706e+00
  130.689167000    31.023611000  4.030910788e+00  1.730000272e+00
  130.190833000    32.017500000  2.447698727e+00  1.996209213e+00
  130.451389000    32.623056000  4.248254915e+00  2.960664929e+00
  130.220556000    32.976667000  2.822677636e+00  2.258489600e+00
  130.195278000    32.605278000  2.647479251e+00  2.033308141e+00
  129.866111000    32.735000000  3.709516758e+00  2.102978651e+00
  128.849444000    32.696111000  2.591648240e+00  2.031542009e+00
  129.723889000    33.158056000  3.097620677e+00  2.131136665e+00
  129.849167000    33.473056000  2.332087527e+00  2.231196524e+00
  129.291667000    34.197778000  2.866231533e+00  1.935581717e+00
  130.407778000    33.618889000  3.702466512e+00  2.042764819e+00
  129.500000000    28.500000000 -3.298359923e-02  2.008528895e+00
  129.847778000    29.841944000  1.730380793e+00  1.913424674e+00
  127.824444000    26.179444000 -8.801806365e-02  2.026924875e+00
  127.665278000    26.213333000  9.066535719e-01  1.850476489e+00
  124.163611000    24.332222000  4.489627251e-01  1.974139106e+00
  132.066111000    34.897222000  4.331808805e+00  2.027270536e+00
  133.243056000    35.547778000  4.568219576e+00  2.005595014e+00
  133.331111000    36.201389000  3.991160304e+00  1.824293970e+00
  134.315833000    35.593611000  4.837699122e+00  1.910606516e+00
  135.386944000    35.476667000  5.087590478e+00  1.856231520e+00
  136.148889000    36.254722000  2.490885204e+00  1.839819313e+00
  137.224722000    36.762222000  2.969793236e+00  1.757163465e+00
  136.900278000    37.405833000  4.101525037e-01  2.024815628e+00
  138.508333000    37.356667000  8.716450198e-01  1.574723369e+00
  138.281111000    37.814722000 -4.129887920e+00  1.706088378e+00
  139.255000000    38.467778000  1.319135992e+00  1.549843074e+00
  139.545833000    38.563333000  3.314995352e-01  1.710393233e+00
  139.705833000    39.942222000 -2.842613226e+00  1.556978417e+00
  140.859167000    40.897500000 -3.278521157e+00  1.379789694e+00
  142.183333000    27.083333000 -2.006914637e+00  1.644868633e+00
  126.592222000    37.451944000  2.011518436e+00  2.351253098e+00
  126.132222000    36.673611000  1.441448265e+00  2.123826319e+00
  126.486111000    36.406389000  2.528991268e+00  2.241949736e+00
  126.563333000    35.975556000  3.428545759e+00  2.166200440e+00
  126.301944000    35.618056000  2.681647812e+00  2.977921479e+00
  126.375556000    34.779722000  7.233025050e+00  2.078638668e+00
  125.436389000    34.683889000  1.083192514e+00  1.891066443e+00
  126.561667000    33.240000000  9.844570038e-01  1.875096549e+00
  126.543056000    33.527500000  4.516113717e+00  1.967509672e+00
  126.759722000    34.315278000  1.261356578e+00  1.938214285e+00
  127.309167000    34.028333000  2.222226158e+00  1.803254782e+00
  127.765556000    34.747222000  1.369018491e-01  1.898605588e+00
  128.434722000    34.827500000  1.759781323e+00  1.705097710e+00
  126.300278000    33.961667000  2.833834420e+00  1.858122305e+00
  128.810833000    35.024722000  5.691015711e+00  1.712143312e+00
  129.035556000    35.096111000  2.084587501e+00  1.494595297e+00
  129.387222000    35.501944000  2.994371646e+00  1.529134909e+00
  129.383889000    36.047222000  1.016959749e+01  1.544331814e+00
  130.913611000    37.491389000  5.617462872e+00  1.697817202e+00
  129.116389000    37.550278000  2.633667107e+00  1.449874653e+00
  128.594167000    38.207222000  3.163658811e+00  1.543483439e+00
   99.764167000     6.430833000  2.929403102e+00  1.635872856e+00
  100.346667000     5.421667000  4.785562265e+00  1.530313976e+00
  100.613333000     4.240000000  3.230619109e+00  1.414097428e+00
  101.358333000     3.050000000  2.852639726e+00  1.462152362e+00
  102.153333000     2.215000000  2.570720920e+00  1.081318576e+00
  103.442778000     1.325278000  5.224209875e+00  8.928698236e-01
  103.791667000     1.461667000  5.159654337e+00  1.329753198e+00
  104.115000000     1.931667000  1.088678892e+00  1.358994053e+00
  104.140000000     2.807222000  2.480776141e+00  1.285358261e+00
  103.430000000     3.975000000  2.742958935e+00  1.406839828e+00
  103.186667000     5.265000000  4.069082681e+00  1.631980385e+00
  102.106667000     6.226389000  3.727455184e+00  1.684165022e+00
  113.974444000     4.401111000  1.674502902e+00  2.772054995e+00
  113.063889000     3.262222000  2.623079263e+00  9.801917872e-01
  110.422222000     1.582778000 -4.262196791e+00  1.655691305e+00
  115.250000000     5.272778000  2.180550068e+00  1.058356621e+00
  116.066667000     5.983333000  1.886353988e+00  1.156979987e+00
  116.843611000     6.879444000  1.427958369e+00  1.226339402e+00
  118.067222000     5.810000000  1.098174576e+00  1.058171783e+00
  118.346111000     5.018889000  1.497290920e+00  1.119939173e+00
  117.883333000     4.233333000  1.448226973e+00  1.152560609e+00
   73.533333000     4.183333000  5.111863366e+00  1.658258044e+00
  145.750000000    15.233333000  3.658957948e+00  1.714476327e+00
   58.866667000    20.683333000  3.360148259e+00  1.237001194e+00
  134.466667000     7.333333000  4.498599941e+00  2.067078470e+00
  121.083333000    12.333333000 -9.824607790e+00  1.814561109e+00
  120.966667000    14.583333000  1.114441590e+01  1.895121615e+00
  123.750000000    13.150000000  3.522989703e+00  1.456901791e+00
  123.916667000    10.300000000  1.987178753e+00  1.689541094e+00
  118.733333000     9.750000000  2.643320782e+00  1.232653896e+00
  125.633333000     7.083333000  5.432998675e+00  2.590892929e+00
  125.500000000     9.783333000 -1.236089382e+00  1.738685041e+00
  103.850000000     1.266667000  2.063893721e+00  1.012909441e+00
  103.778463000     1.225643000 -3.842958906e+00  2.550384109e+00
  103.750000000     1.166667000  2.499697153e+00  8.345723664e-01
  103.650000000     1.233333000  2.998661284e+00  8.765515892e-01
  103.666667000     1.283333000  4.894060808e+00  1.104075054e+00
  103.833333000     1.466667000  2.425425786e+00  1.047484740e+00
  103.766667000     1.300000000  3.308256459e+00  8.134902604e-01
  103.633982000     1.344427000  3.533943250e+00  9.664617818e-01
   98.433333000     7.833333000  1.075765522e+01  1.712369684e+00
   99.250000000    10.450000000  3.831430005e+00  2.142178181e+00
   99.816667000    11.800000000  1.047184931e+01  1.622647213e+00
  100.583333000    13.550000000  4.951304121e+00  1.355562202e+00
  107.066667000    10.333333000  3.437740611e+00  2.045099946e+00
  109.250000000    13.766667000  5.189421309e+00  1.678957963e+00
  108.216667000    16.100000000  5.187896365e+00  2.183779423e+00
  105.766667000    18.800000000 -1.121713484e-01  2.098935465e+00
  106.800000000    20.666667000  3.793489395e+00  1.538954335e+00
