296
  130.843987255   -12.466640097 -1.461000000e+00  1.069000000e+00
  130.982046959   -12.478223997 -1.728000000e+00  1.122000000e+00
  130.881728641   -12.355923269 -1.237000000e+00  1.123000000e+00
  133.882751487   -23.698194308 -1.580000000e-01  8.380000000e-01
  133.879216786   -23.766991822  3.660000000e-01  7.540000000e-01
  153.556108894   -28.244570301  2.467000000e+00  1.641000000e+00
  153.050127008   -27.491511937  2.679000000e+00  1.670000000e+00
  152.911005473   -26.416119445 -6.299000000e+00  1.860000000e+00
  151.495064411   -27.425612410  4.069000000e+00  1.947000000e+00
  151.699622084   -27.270289215 -1.276000000e+00  1.296000000e+00
  138.647347145   -34.728996446 -9.540000000e-01  6.360000000e-01
  138.647346377   -34.728997814 -1.650000000e+00  9.810000000e-01
  117.810186737   -34.950226895 -3.480000000e-01  7.250000000e-01
  133.885517526   -23.670117123 -8.950000000e-01  6.070000000e-01
  140.493285814   -34.709866619  8.670000000e-01  1.411000000e+00
  146.376386959   -41.204932885 -1.535000000e+00  1.193000000e+00
  137.160101664   -30.453288300 -2.710000000e-01  9.310000000e-01
  144.193181829   -38.396318332  2.008100000e+01  1.911000000e+00
  142.026795205   -36.295405048 -4.005000000e+00  1.662000000e+00
  141.083236021   -36.967563588  3.530000000e-01  1.378000000e+00
  151.665830023   -30.514610500 -1.187000000e+00  7.530000000e-01
  125.924354378   -31.809111477 -1.500000000e-02  1.092000000e+00
  153.374031631   -27.940585101 -4.636000000e+00  1.900000000e+00
  123.868054415   -32.460774630 -2.120000000e-01  1.055000000e+00
  115.842560355   -33.766685692 -9.430000000e-01  8.360000000e-01
  143.854920639   -37.558880408  4.860000000e-01  1.100000000e+00
  136.058673536   -32.810349149 -5.860000000e-01  8.650000000e-01
  153.193631400   -28.125342985  1.217000000e+00  1.359000000e+00
  147.656026914   -37.758606382 -3.292000000e+00  1.060000000e+00
  153.069173191   -26.684652571 -1.510000000e-01  1.261000000e+00
  152.995081428   -27.987094338 -1.258000000e+00  9.090000000e-01
  153.202525798   -27.720329468 -1.965000000e+00  1.145000000e+00
  146.657741052   -36.346438829 -3.000000000e+00  9.230000000e-01
  151.652329925   -32.411772000 -2.590000000e-01  1.247000000e+00
  149.047479446   -26.665090723 -3.420000000e+00  1.747000000e+00
  142.912840844   -35.985441374 -8.730000000e-01  9.910000000e-01
  141.470100825   -31.996292527  1.260000000e+00  1.086000000e+00
  117.112114769   -31.926165269 -1.663000000e+00  1.856000000e+00
  115.638141204   -33.319179250  8.490000000e-01  1.603000000e+00
  152.321005501   -24.908222141 -5.870000000e-01  8.910000000e-01
  115.209917374    -8.746499784  1.140000000e-01  1.703000000e+00
  122.209086851   -18.003972865 -1.788000000e+00  1.043000000e+00
  144.204033772   -36.031389232  1.200000000e-02  1.059000000e+00
  147.243943057   -42.739114345  1.238000000e+00  1.694000000e+00
  147.979380917   -21.823033602  3.471000000e+00  1.837000000e+00
  145.914846328   -41.050065501 -1.855000000e+00  1.403000000e+00
  145.914851806   -41.050065247 -7.280000000e-01  8.270000000e-01
  149.011509977   -30.027430758  2.223000000e+00  1.842000000e+00
  117.174643211   -30.525520302 -7.110000000e-01  7.350000000e-01
  152.951520324   -27.084428773 -1.046000000e+00  1.878000000e+00
  148.776433068   -20.898461978 -6.550000000e-01  1.348000000e+00
  140.917185452   -21.862640320  1.104300000e+01  1.235000000e+00
  148.040011375   -23.121793795 -8.490000000e+00  1.519000000e+00
  148.248599335   -21.993725606  5.353000000e+00  1.322000000e+00
  152.951520399   -27.084428536 -3.790000000e-01  9.620000000e-01
  138.208262631   -33.353775408 -1.670000000e+00  1.148000000e+00
  150.820143300   -34.063285898 -8.770000000e-01  1.544000000e+00
  147.622712552   -22.726406889  2.948000000e+00  1.133000000e+00
  133.809830704   -31.866664545  3.160000000e-01  5.940000000e-01
  153.117544102   -30.295348272  1.162000000e+00  1.283000000e+00
  143.585142001   -38.342367123 -5.290000000e-01  1.300000000e+00
  153.266538143   -27.526151961  8.630000000e-01  1.175000000e+00
  138.599775212   -33.818113615  7.000000000e-01  7.580000000e-01
  148.826416744   -32.913941679  1.530000000e+00  1.814000000e+00
  135.729262739   -34.263514526  5.910000000e-01  1.250000000e+00
  149.269573859   -31.333314375  2.510000000e-01  1.064000000e+00
  147.151008170   -33.085154778 -8.620000000e-01  5.840000000e-01
  139.853499556   -35.691104726 -7.980000000e-01  1.069000000e+00
  153.138331908   -30.300113642 -7.160000000e-01  6.740000000e-01
  116.300490901   -33.289716957  5.490000000e-01  1.691000000e+00
  148.608291759   -31.037308808 -2.004000000e+00  1.851000000e+00
  145.680339145   -26.742102861  4.280000000e-01  1.594000000e+00
  134.722575359   -29.034711464 -1.366000000e+00  1.094000000e+00
  150.274615888   -25.291539847 -9.220000000e-01  1.240000000e+00
  138.589144426   -34.933851998  4.390000000e+00  1.069000000e+00
  153.047148869   -27.441051093 -2.676000000e+00  1.635000000e+00
  153.421516867   -27.537712341 -2.956000000e+00  1.268000000e+00
  153.047574149   -28.865567968 -3.420000000e-01  5.080000000e-01
  115.894799920   -32.003963351 -1.064000000e+00  1.150000000e+00
  115.894799898   -32.003963346 -5.470000000e-01  1.124000000e+00
  115.894754755   -32.003887084 -6.420000000e-01  1.433000000e+00
  117.344505969   -31.728526471  8.940000000e-01  1.046000000e+00
  115.894798937   -32.003888641 -1.698000000e+00  8.370000000e-01
  115.894799896   -32.003887445 -2.361000000e+00  1.009000000e+00
  115.894799898   -32.003887437 -2.090000000e+00  8.310000000e-01
  115.894799890   -32.003887439 -1.677000000e+00  1.008000000e+00
  115.894799925   -32.003963345 -1.067000000e+00  9.550000000e-01
  115.894754775   -32.003887089  8.130000000e-01  1.260000000e+00
  151.171558447   -33.593695643 -1.474000000e+00  5.280000000e-01
  151.263795940   -27.170540563 -2.741000000e+00  9.550000000e-01
  130.891493436   -12.424008725 -1.222000000e+00  1.034000000e+00
  131.132738705   -12.843705899 -5.280000000e-01  7.750000000e-01
  149.135732137   -35.250744731 -1.253000000e+00  6.550000000e-01
  151.263795845   -27.170540602 -1.695000000e+00  1.671000000e+00
  131.186827961   -13.834576662  5.470000000e-01  1.018000000e+00
  149.813461503   -23.687152749 -5.240000000e+00  1.488000000e+00
  116.062544755   -32.713550967 -7.830000000e-01  1.538000000e+00
  130.955936872   -12.443302478 -1.000000000e+00  1.451000000e+00
  150.027448745   -24.559571933 -1.075100000e+01  1.714000000e+00
  144.753585196   -36.140311980 -1.312100000e+01  7.570000000e-01
  148.520252795   -23.478309240  1.750000000e-01  1.110000000e+00
  121.888146004   -33.841066902 -9.330000000e-01  1.997000000e+00
  121.894325269   -33.874318674 -5.060000000e-01  7.340000000e-01
  148.493882240   -21.131031282 -1.031000000e+00  1.464000000e+00
  114.113377179   -21.960671049 -9.900000000e-02  1.209000000e+00
  148.241580744   -40.214382077 -8.900000000e-01  1.382000000e+00
  125.800451594   -18.125955752  1.626000000e+00  1.689000000e+00
  149.915199761   -37.568126372 -1.106000000e+00  7.920000000e-01
  152.331115020   -27.543930234 -1.979000000e+00  1.368000000e+00
  149.010439121   -35.315959070 -1.165000000e+00  1.616000000e+00
  146.036792286   -34.286305437 -1.983000000e+00  6.370000000e-01
  151.254425776   -23.841272956 -7.480000000e-01  1.316000000e+00
  142.661883554   -36.908963417 -2.913000000e+00  1.359000000e+00
  151.751665717   -29.743548201 -1.912000000e+00  5.730000000e-01
  116.853011496   -31.396683346 -3.800000000e-02  1.471000000e+00
  141.472769117   -36.718190369  1.656000000e+00  1.061000000e+00
  118.298735956   -34.542479542 -3.920000000e-01  1.734000000e+00
  149.304722263   -21.357398040  7.520000000e-01  1.694000000e+00
  152.660048520   -26.188506892 -1.350000000e-01  1.399000000e+00
  142.339526881   -34.755694835 -1.980000000e+00  1.316000000e+00
  152.826561389   -25.283029832 -1.398000000e+00  1.295000000e+00
  115.738583307   -31.825521997 -2.821000000e+00  6.510000000e-01
  142.296212360   -10.590370983  5.300000000e-01  1.159000000e+00
  147.438734696   -42.804711760 -1.145000000e+00  6.170000000e-01
  147.050705526   -43.031534702 -4.470000000e-01  1.625000000e+00
  138.485766645   -33.997929776  8.340000000e-01  1.943000000e+00
  118.891877595   -32.449381496 -7.280000000e-01  7.480000000e-01
  143.492062625   -32.864136787  3.950000000e-01  9.760000000e-01
  152.759345686   -27.614925760 -2.923000000e+00  1.394000000e+00
  142.191214385   -34.219717379 -1.882000000e+00  9.800000000e-01
  132.894535261   -12.660149443 -9.700000000e-01  1.150000000e+00
  152.658198199   -27.651361168 -5.809000000e+00  1.565000000e+00
  136.100669052   -22.860524883 -2.010000000e-01  1.099000000e+00
  138.639297428   -33.000622188  2.393000000e+00  1.506000000e+00
  121.459256297   -30.784391674 -5.080000000e-01  8.070000000e-01
  137.128476569   -35.835107199 -1.195000000e+00  1.463000000e+00
  139.886905781   -35.097356663 -5.810000000e-01  1.121000000e+00
  117.097191768   -20.981429442 -2.730000000e-01  6.070000000e-01
  132.153273667   -14.376000532  8.900000000e-02  1.108000000e+00
  132.152506238   -14.375072583 -1.657000000e+00  1.145000000e+00
  115.098560824   -34.163447429 -1.482000000e+00  6.260000000e-01
  137.721320807   -33.967977602  2.640000000e-01  1.553000000e+00
  117.702637063   -31.622317678 -8.250000000e-01  7.380000000e-01
  143.922305346   -35.735395029  1.140000000e-01  1.394000000e+00
  151.839723925   -26.540159807  1.076000000e+00  1.296000000e+00
  150.791719659   -33.511896935 -5.080000000e-01  1.503000000e+00
  117.158666478   -33.831719298 -1.750000000e-01  1.342000000e+00
  149.243259624   -21.606471790 -1.215000000e+00  1.457000000e+00
  128.762623721   -15.676961747  1.146000000e+00  9.810000000e-01
  151.491360868   -32.798946643 -1.477000000e+00  1.529000000e+00
  143.375329864   -35.673458122 -6.023000000e+00  1.247000000e+00
  140.512640051   -35.325797148 -1.699000000e+00  9.420000000e-01
  133.212757644   -15.573157414 -3.740000000e-01  9.270000000e-01
  147.145985169   -41.434679888 -9.990000000e-01  1.139000000e+00
  159.078520975   -31.541458193 -1.116000000e+00  1.042000000e+00
  114.103111480   -22.218544084 -1.420000000e-01  1.058000000e+00
  150.159835201   -33.480944348 -1.122000000e+00  7.170000000e-01
  146.673081784   -41.902264093 -9.490000000e-01  7.010000000e-01
  150.041281375   -33.324956248 -2.358200000e+01  1.681000000e+00
  130.824728852   -12.455466366  2.480000000e-01  1.195000000e+00
  121.319056008   -28.878432627 -5.030000000e-01  1.464000000e+00
  159.061200561   -31.519884835 -9.810000000e-01  9.800000000e-01
  140.268540341   -37.038675392  2.398000000e+00  1.652000000e+00
  152.918383115   -30.710435019 -7.850000000e-01  7.410000000e-01
  134.092876216   -14.046200401  1.806000000e+00  1.320000000e+00
  137.674023353   -34.374092311 -9.320000000e-01  1.140000000e+00
  115.729226577   -32.535308370 -4.298000000e+00  1.626000000e+00
  150.743756179   -34.126091687 -2.032000000e+00  5.670000000e-01
  150.830987692   -33.626517051 -8.260000000e-01  6.640000000e-01
  149.147445145   -35.718784750 -1.356000000e+00  1.125000000e+00
  148.711743463   -20.644373644  1.138000000e+00  1.546000000e+00
  116.005456641   -31.886511499 -1.385000000e+00  7.760000000e-01
  148.863385884   -21.159889923 -1.317000000e+00  1.341000000e+00
  139.487131618   -20.736548059 -1.430000000e+00  1.203000000e+00
  142.657661127   -35.155975154  2.742000000e+00  1.297000000e+00
  122.237647910    -8.635647567  3.697000000e+00  1.992000000e+00
  115.711043037   -32.529738662 -7.570000000e-01  1.125000000e+00
  143.651723161   -38.779787224  1.480000000e-01  1.279000000e+00
  144.975337956   -37.829410764 -8.280000000e-01  6.030000000e-01
  139.261707673   -35.149557783 -6.600000000e-02  1.056000000e+00
  150.373396237   -34.550535817 -2.560000000e+00  6.080000000e-01
  133.206703968   -25.945689601  2.640000000e-01  8.940000000e-01
  143.448905827   -37.587620390 -1.122000000e+00  1.052000000e+00
  140.781039052   -37.833074394 -1.259000000e+00  9.870000000e-01
  135.330692960   -34.135295071  4.140000000e-01  1.236000000e+00
  117.843095943   -28.115316304  1.030000000e-01  9.170000000e-01
  149.584683525   -32.589998189 -4.749000000e+00  9.690000000e-01
  149.088192048   -35.056144896 -7.940000000e-01  1.081000000e+00
  141.181119311   -35.262580891  1.029000000e+00  1.178000000e+00
  138.262777837   -34.016954942  1.649000000e+00  1.509000000e+00
  118.821509339   -33.021532498  6.352000000e+00  1.837000000e+00
  138.489501000   -34.793820288  9.540000000e-01  1.034000000e+00
  141.646009870   -36.308420988  8.720000000e-01  9.740000000e-01
  139.662439992   -34.695161889 -1.202000000e+00  1.821000000e+00
  116.192717417   -31.048736026 -1.329000000e+00  6.170000000e-01
  121.787240276   -32.260020443 -3.070000000e-01  7.490000000e-01
  150.444105639   -29.045544975  5.100000000e-02  1.213000000e+00
  151.765231704   -32.929578185 -8.510000000e-01  1.078000000e+00
  150.604812687   -34.873764885 -1.670000000e+00  5.870000000e-01
  136.890618406   -30.439407914 -4.760000000e-01  1.222000000e+00
  149.098026170   -33.285192542 -2.214000000e+00  6.410000000e-01
  148.264611243   -32.998766203  7.180000000e-01  7.710000000e-01
  151.212055683   -33.974024679 -1.620000000e+00  6.170000000e-01
  115.885250113   -31.801966817 -2.050000000e+00  6.050000000e-01
  143.327726517   -35.054327998 -1.026000000e+00  1.846000000e+00
  140.906841649   -35.261480100  2.664000000e+00  1.475000000e+00
  144.960917269   -37.799813965 -9.996000000e+00  7.030000000e-01
  152.897679250   -31.461905211 -1.679000000e+00  5.710000000e-01
  138.416007680   -34.311871643  1.300000000e+00  1.678000000e+00
  151.596505872   -26.157612692 -1.842000000e+00  1.304000000e+00
  118.678858398   -20.539747541  3.728000000e+00  1.782000000e+00
  150.913698630   -34.475546344 -7.520000000e-01  1.043000000e+00
  141.613472563   -38.344396273 -1.560000000e+00  9.430000000e-01
  138.485716428   -35.094701667 -9.950000000e-01  9.760000000e-01
  150.659518709   -32.953038940 -1.454000000e+00  9.460000000e-01
  120.070888357   -33.596746177 -2.410000000e-01  7.570000000e-01
  145.961841727   -41.065127622 -2.868000000e+00  7.920000000e-01
  150.209102784   -23.287649083 -4.099000000e+00  1.541000000e+00
  137.834799551   -19.967617037  1.870000000e-01  1.076000000e+00
  148.396877271   -24.406647737  9.120000000e-01  1.545000000e+00
  133.816540683   -18.387883391  1.050000000e-01  1.357000000e+00
  153.381256407   -28.076960938 -5.820000000e-01  9.810000000e-01
  150.790083162   -23.160988075  1.500000000e-02  1.702000000e+00
  136.902085390   -30.558099732 -1.144000000e+00  1.023000000e+00
  138.647345784   -34.728999185 -1.933000000e+00  8.890000000e-01
  137.934328894   -32.470290966 -1.010000000e+00  9.180000000e-01
  153.574875795   -28.271726368 -3.214000000e+00  1.497000000e+00
  142.848748580   -35.504525101 -5.700000000e-02  1.120000000e+00
  145.139185962   -37.024223837 -1.196300000e+01  6.770000000e-01
  145.132748729   -37.912564267 -2.640000000e-01  9.700000000e-01
  149.225640425   -21.066893862 -9.530000000e-01  1.096000000e+00
  151.175750988   -32.558231971 -9.350000000e-01  6.640000000e-01
  147.930850142   -42.546438539 -1.128000000e+00  8.480000000e-01
  150.563940180   -33.698538888 -2.042000000e+00  6.070000000e-01
  140.989174684   -36.377887340 -8.220000000e-01  1.266000000e+00
  145.584284983   -40.961650319 -1.340000000e-01  1.343000000e+00
  143.257382057   -36.615274259  7.570000000e-01  1.253000000e+00
  145.214037599   -38.375178755 -1.850000000e-01  1.132000000e+00
  149.010052940   -35.315532408 -9.430000000e-01  7.120000000e-01
  149.010154491   -35.316161507 -1.431000000e+00  8.030000000e-01
  149.009874341   -35.315691663 -1.713000000e+00  9.680000000e-01
  153.035300117   -27.484892296 -2.691000000e+00  1.895000000e+00
  151.150379462   -33.780879289 -3.880000000e-01  7.130000000e-01
  149.113291481   -26.040636679  2.180000000e-01  1.246000000e+00
  150.930916827   -31.092850943 -5.466000000e+00  7.270000000e-01
  152.463797265   -31.912200144 -1.131000000e+00  5.800000000e-01
  145.270444150   -36.439641500 -1.480600000e+01  7.980000000e-01
  142.057423301   -29.450159941  8.790000000e-01  9.350000000e-01
  153.003386018   -25.918833209  2.649000000e+00  1.543000000e+00
  150.075461943   -24.948611224  4.950000000e-01  1.304000000e+00
  148.979998736   -35.399203517 -5.080000000e-01  6.430000000e-01
  148.979996835   -35.399208142 -1.020000000e-01  7.930000000e-01
  148.979998252   -35.399204758 -4.740000000e-01  5.610000000e-01
  138.983089298   -34.505803573  7.650000000e-01  1.219000000e+00
  152.019921768   -29.054768526 -8.130000000e-01  6.060000000e-01
  117.400311564   -22.846453578  2.119000000e+00  1.152000000e+00
  151.928457655   -27.534437222  3.153000000e+00  1.916000000e+00
  151.928457683   -27.534437317 -7.660000000e-01  1.220000000e+00
  115.584333171   -31.495697665  3.840000000e-01  1.022000000e+00
  144.309899432   -38.321937677 -2.406000000e+00  1.770000000e+00
  147.055688738   -19.269278863 -1.126000000e+00  6.600000000e-01
  151.899281236   -26.795423229  8.120000000e-01  1.449000000e+00
  150.122196978   -36.035142807 -1.970000000e-01  1.086000000e+00
  128.883152574   -31.679585031  7.900000000e-01  1.078000000e+00
  141.812642418   -35.171233827  1.203000000e+00  1.090000000e+00
  151.231845376   -33.917670298 -1.150000000e-01  1.874000000e+00
  151.231874371   -33.917765450 -5.670000000e-01  1.315000000e+00
  151.231874417   -33.917765425 -8.840000000e-01  1.474000000e+00
  117.410097556   -33.333064127 -8.720000000e-01  8.160000000e-01
  140.004746249   -34.195626370 -2.700000000e-01  1.295000000e+00
  135.660453688   -34.558871160  1.701000000e+00  1.852000000e+00
  128.296174088   -25.037201364 -4.540000000e-01  7.940000000e-01
  152.030393395   -28.213475806  3.020000000e-01  1.425000000e+00
  141.920458983   -12.678319200 -3.860000000e-01  1.497000000e+00
  150.994972491   -34.134208748 -1.141000000e+00  7.620000000e-01
  116.028072461   -32.297526656 -6.900000000e-02  8.660000000e-01
  117.500639944   -32.781765527 -1.169000000e+00  1.445000000e+00
  116.879718518   -33.026014637  2.850000000e-01  1.074000000e+00
  149.964797962   -16.287438131  6.090000000e-01  1.764000000e+00
  120.218367682   -26.625679586 -1.730000000e-01  8.620000000e-01
  120.643497355   -19.778607653  1.273000000e+00  1.123000000e+00
  148.116941870   -30.023385598 -4.350000000e-01  9.650000000e-01
  134.354527008   -19.933365616  1.900000000e-02  8.300000000e-01
  153.035271991   -27.484960660 -7.680000000e-01  1.004000000e+00
  145.590858404   -38.608091193 -1.376500000e+01  6.610000000e-01
  144.051566599   -38.282269939  1.733000000e+00  1.207000000e+00
  147.371208252   -35.109623426  3.280000000e-01  1.221000000e+00
  147.321679111   -33.703427114 -1.856000000e+00  9.060000000e-01
  143.225937831   -36.077460486 -3.700000000e-02  1.520000000e+00
  146.349025075   -38.182098076 -2.099200000e+01  6.420000000e-01
  115.346977510   -29.046553695 -7.030000000e-01  5.110000000e-01
  115.347152986   -29.046493353 -5.860000000e-01  6.800000000e-01
  115.346973523   -29.046590107 -2.600000000e-01  6.350000000e-01
  135.784379537   -34.144151016 -1.020000000e+00  9.080000000e-01
  119.645799889   -31.290692442 -5.420000000e-01  8.290000000e-01
  137.695806665   -34.938856337 -1.810000000e-01  1.344000000e+00
