241
   20.384817000    60.031883000 -5.283538338e+00  2.015168350e+00
    3.200000000    51.350000000 -6.289385230e-01  1.172118069e+00
    2.916667000    51.233333000 -7.956111515e-01  1.036943152e+00
    2.733333000    51.150000000 -1.662780120e+00  1.006375440e+00
   13.628300000    45.083300000  1.953072345e+00  1.510944284e+00
   14.533333000    45.300000000  1.638350041e+00  1.611391018e+00
   15.235000000    44.123300000  3.108836584e+00  1.385428462e+00
   16.391667000    43.508333000 -9.922032284e+00  1.997594301e+00
   16.441700000    43.506700000  4.182843172e+00  1.346318762e+00
   18.063300000    42.658300000  4.720486506e+00  1.292400272e+00
   11.925556000    54.572778000  5.470161498e+00  2.035025242e+00
   11.348611000    54.655833000  6.996957659e-01  1.855613299e+00
   14.837778000    55.249722000  1.327721846e+00  2.130362796e+00
   12.600000000    55.705000000  8.453058862e-01  2.152079764e+00
   12.458333000    56.091111000  3.109889786e+00  2.033091861e+00
   11.142222000    55.332222000  4.225230074e-01  1.547740591e+00
   10.827778000    55.288333000  1.855829725e+00  1.571915183e+00
    9.986944000    54.995000000  4.953918233e+00  1.725649470e+00
    9.754444000    55.560833000  2.465309713e+00  1.423223780e+00
   10.223889000    56.147222000  2.509246353e+00  1.540450532e+00
   10.548889000    57.436389000 -3.485811910e+00  1.827039181e+00
    9.963889000    57.595556000 -4.780196704e-01  2.089396318e+00
    8.595556000    57.118889000  1.001634251e+00  2.240116709e+00
    8.441111000    55.460833000  1.084132783e+00  2.686474443e+00
   24.515250000    65.673367000 -7.128072419e+00  2.309018062e+00
   25.418233000    65.040317000 -6.781567340e+00  2.266503670e+00
   24.407050000    64.666333000 -7.603331609e+00  2.242039936e+00
   22.689583000    63.708567000 -7.754442734e+00  2.181826925e+00
   21.571183000    63.081533000 -6.949646492e+00  2.427108959e+00
   21.214833000    62.343950000 -7.382646054e+00  2.124080386e+00
   21.463433000    61.594383000 -6.567267837e+00  2.107469192e+00
   21.425817000    61.133533000 -5.952623300e+00  2.083537873e+00
   22.100533000    60.428283000 -4.800263583e+00  2.099618601e+00
   24.956217000    60.153633000 -3.005686917e+00  2.169712498e+00
   27.179200000    60.562767000 -2.616211266e+00  2.345345536e+00
    2.366698000    51.048091000  1.475676028e-01  1.098306698e+00
    1.867720000    50.969399000  3.216123476e-01  1.190877818e+00
    1.577460000    50.727501000  1.743864464e+00  1.627021977e+00
    1.083812000    49.929096000  2.892323826e+00  1.638438686e+00
    0.106000000    49.481900000  9.844997241e-01  1.108453535e+00
   -1.635630000    49.651299000  1.129450323e+00  1.122295645e+00
   -2.028180000    48.641102000  6.264581044e-01  1.173299334e+00
   -3.965860000    48.718399000  1.295031422e+00  1.104710118e+00
   -4.780830000    48.359402000  1.633170930e+00  1.201129664e+00
   -4.494838000    48.382850000  1.844975012e+00  1.166389115e+00
   -3.907380000    47.873699000 -9.815263379e-02  1.415644370e+00
   -3.445852000    47.644274000  1.251235168e-01  1.215712573e+00
   -2.895150000    47.542702000  2.078692377e+00  1.620576076e+00
   -2.200000000    47.270000000 -1.575353202e+00  2.183732459e+00
   -1.793730000    46.497501000  1.368540589e+00  1.250488807e+00
   -1.220736000    46.158478000  2.498713873e+00  1.167885149e+00
   -1.061570000    45.568501000  3.319831318e+00  1.480159665e+00
   -1.514830000    43.527302000  6.621443550e-01  1.405650149e+00
   -1.163550000    44.665001000  1.289718398e+00  1.666381027e+00
   -1.681623000    43.395239000  3.238449371e+00  2.322194773e+00
    3.699110000    43.397598000  4.220888722e+00  1.233094283e+00
    5.353860000    43.278801000  3.133242532e+00  1.235733775e+00
    5.914720000    43.112898000  3.710468816e+00  1.216766518e+00
    7.285500000    43.695599000  3.983320017e+00  1.149970028e+00
    8.762850000    41.922798000 -3.612170602e-01  1.681487743e+00
   41.683333000    42.166667000  1.031756383e+00  1.599418716e+00
   41.700000000    41.633333000 -4.393604143e+00  2.403344480e+00
   14.000833000    54.060278000  3.297486070e-01  1.493679284e+00
   13.643056000    54.510833000 -1.079761073e-01  1.469577241e+00
   12.103333000    54.169722000 -5.741734720e-01  1.351904882e+00
   11.458056000    53.898889000  2.017918297e+00  1.465365882e+00
   10.872222000    53.958056000  6.980931831e-01  1.430561754e+00
   10.156944000    54.372222000 -4.377819065e-03  1.326425465e+00
    8.383333000    54.616667000 -5.421331698e+00  1.966710203e+00
    8.716667000    53.866667000 -7.058125370e-01  1.766268605e+00
    6.747778000    53.557500000  9.524176704e-01  1.435149357e+00
   20.756628000    38.959078000  5.702728046e+00  1.122962705e+00
   20.712108000    38.834544000  7.837605210e+00  1.122344980e+00
   22.960100000    37.951156000  3.057205604e+00  1.402218892e+00
   21.319681000    37.644822000  5.088945396e+00  1.163860845e+00
   22.115839000    37.023678000 -9.849015577e-02  1.314321299e+00
   23.626714000    37.937328000  3.651027139e+00  1.449002570e+00
   23.589458000    38.460889000  1.789263302e+00  1.366515134e+00
   23.592631000    38.472289000  3.361070630e+00  1.189049891e+00
   22.934933000    40.632542000  3.312132712e+00  1.345708117e+00
   24.412133000    40.934639000  3.691569601e+00  2.387671331e+00
   25.878272000    40.844139000  1.167252750e+00  1.271510998e+00
   26.141189000    38.371514000  2.622963373e+00  1.612397459e+00
   24.945808000    37.439969000  3.083593356e-01  1.528799621e+00
   26.847994000    37.129675000  2.474284641e+00  1.063370354e+00
   24.082481000    35.487453000  6.421621261e+00  2.018419122e+00
   24.082481000    35.487453000  3.276156011e+00  2.614469867e+00
   25.152692000    35.348475000  1.146948339e+01  2.530808507e+00
   19.905317000    39.628200000  8.509606195e+00  1.879785544e+00
   28.236439000    36.441717000 -1.225052681e+00  2.964897395e+00
   -4.768056000    54.085389000  1.895631779e+00  2.053590201e+00
   34.863160000    32.470440000  4.725700440e+00  1.837409802e+00
   34.766667000    32.083333000  1.326225428e+00  2.375198152e+00
    8.403914000    40.842206000  2.566965592e+00  1.757621507e+00
    9.114272000    39.210192000  3.520325301e+00  1.952742332e+00
    8.309453000    39.147969000  1.756350094e+00  1.739795323e+00
    8.018864000    43.878339000  2.701321168e+00  1.557862746e+00
    8.925517000    44.410128000  4.695999788e+00  1.802470852e+00
   10.299339000    43.546286000  2.403979723e+00  1.617477390e+00
   14.269194000    40.841406000  6.020662499e+00  1.483171313e+00
   14.750839000    40.676642000  3.920691346e+00  1.985368885e+00
   15.275292000    40.029911000  7.485341193e+00  1.477109641e+00
   15.648917000    38.121719000  5.961409655e+00  1.496832831e+00
   13.526844000    37.285756000  2.300889771e+00  1.453176070e+00
   13.371331000    38.121411000  1.693751565e+00  1.459459267e+00
   12.604439000    35.499828000  2.219237205e+00  1.668368468e+00
   15.093825000    37.498081000  4.819521115e+00  1.551323858e+00
   17.223764000    40.475603000  9.079521629e+00  1.715764388e+00
   18.497089000    40.147150000  2.484437700e+00  1.658575073e+00
   16.866033000    41.140206000  5.870366745e+00  1.550831962e+00
   16.177011000    41.888083000  5.167305929e+00  1.593436313e+00
   14.414861000    42.355900000  7.093886723e+00  1.680838373e+00
   13.506517000    43.624767000  4.557604986e+00  1.678537000e+00
   12.426528000    45.418219000  1.216551709e+01  1.858021689e+00
   13.758472000    45.647361000  3.206968139e+00  1.272680928e+00
   13.757939000    45.649392000 -9.150893035e+00  1.852683107e+00
   -2.116667000    49.183333000  1.613246970e+00  1.186155957e+00
   14.532955000    35.820063000  3.012061586e+00  1.601318778e+00
    7.421497000    43.728847000  9.078821116e-01  1.211639887e+00
    6.933056000    53.326389000  1.154568572e-01  1.467990013e+00
    5.220000000    53.363056000  2.506843720e+00  1.331074657e+00
    5.409444000    53.175556000  8.187268972e-01  1.476082715e+00
    4.745000000    52.964444000 -6.731638342e-01  1.266960437e+00
    4.554722000    52.462222000 -1.193147204e+00  1.215516793e+00
    4.120000000    51.977500000  3.820485796e-02  1.098128243e+00
    4.249722000    51.917500000  4.561990912e-01  1.092701890e+00
    3.681944000    51.619722000  1.331349608e+00  1.088943568e+00
    3.596111000    51.442222000  6.306102179e-01  1.081403959e+00
   31.104015000    70.374978000 -7.747596412e-02  1.284223158e+00
   25.972697000    70.980318000  2.935767873e-01  1.211557904e+00
   23.683227000    70.664641000  1.939212403e-01  1.260979207e+00
   18.961323000    69.647424000 -1.061466178e+00  1.226027297e+00
   16.134848000    69.326067000  2.164489544e-01  1.276200469e+00
   16.548236000    68.801261000 -1.143670878e+00  1.228288400e+00
   17.425759000    68.428286000 -3.494980623e+00  1.413367020e+00
   14.482149000    68.212639000 -8.223145015e-01  1.382549824e+00
   14.390813000    67.288290000 -1.969783841e+00  1.407366533e+00
   11.230107000    64.859456000 -1.844526568e+00  1.314615012e+00
   10.391669000    63.436484000 -2.921055188e+00  1.230030885e+00
    9.101504000    63.425224000 -6.640205715e-01  1.318674782e+00
    7.734352000    63.113859000 -2.268971262e-01  1.312434092e+00
    6.151946000    62.469414000 -1.592488784e+00  1.316592776e+00
    5.113310000    61.933776000  4.906110000e-01  1.269903838e+00
    5.320487000    60.398046000 -1.013817103e+00  1.120191697e+00
    5.730121000    58.974339000 -9.216659436e-01  1.097067433e+00
    7.554759000    58.006377000 -1.451353263e+00  1.015702582e+00
    9.856379000    58.995212000 -2.383256376e+00  1.305970123e+00
   10.734510000    59.908559000 -3.478447324e+00  1.618698840e+00
   10.604861000    59.678073000 -3.231363488e+00  1.610336189e+00
   10.949769000    59.036046000 -2.939451922e+00  1.444338481e+00
   33.050000000    68.966667000 -9.751931617e+00  1.396106829e+00
   39.066667000    44.100000000  1.045178224e+00  1.461947349e+00
   -3.045130000    43.351530000  2.120230694e+00  1.063020400e+00
   -3.790800000    43.461300000  2.948356198e+00  1.088393782e+00
   -3.790760000    43.461300000  7.194367188e-01  1.053324425e+00
   -5.698350000    43.558030000 -1.612551273e-01  1.132362344e+00
   -8.397750000    43.368600000  4.754675230e+00  1.169159308e+00
   -8.389330000    43.357310000  4.194529355e+00  1.127065927e+00
   -8.248510000    43.476180000  2.228823556e+00  2.857199716e+00
   -8.770019000    42.600722000  3.787681440e+00  1.260377379e+00
   -8.731000000    42.238000000 -1.888634873e+00  1.185315685e+00
   -8.726000000    42.243140000  2.504208059e+00  1.216217098e+00
   -6.286200000    36.540100000  2.509607319e+00  1.305199868e+00
   -6.833690000    37.132020000  2.313865685e+00  1.265438922e+00
   -6.338130000    36.802210000  2.301328516e+00  1.267777420e+00
   -5.602600000    36.008600000  3.216333540e+00  1.023755775e+00
   -4.415460000    36.712700000  3.201905814e+00  1.480962348e+00
   -4.417090000    36.711840000  9.149736593e-01  1.143162036e+00
   -3.523600000    36.720240000 -1.336644811e+00  2.270409564e+00
   -2.478350000    36.830020000 -3.440626113e+00  2.861687282e+00
   -0.311280000    39.442030000  2.852399404e+00  1.359572789e+00
    2.165700000    41.341770000  5.400017434e+00  1.207353254e+00
    3.200000000    42.050000000  3.277082549e+00  1.162724173e+00
    2.638980000    39.550900000  1.948032846e+00  1.427015385e+00
    1.449840000    38.911230000  1.445830315e+00  1.959735956e+00
   -5.315890000    35.892400000  2.090527912e+00  1.027737019e+00
   11.127222000    58.996667000 -2.925193625e+00  1.454949935e+00
   11.217778000    58.353611000 -2.376065133e+00  1.348715093e+00
   11.832500000    58.093333000 -2.820166788e+00  1.441154640e+00
   11.790556000    57.684722000 -9.342211681e-01  1.386552381e+00
   12.112500000    57.249722000 -1.257851509e+00  1.366999032e+00
   12.893611000    55.522222000 -3.252454746e+00  1.389645093e+00
   12.829444000    55.416667000  7.836081664e-01  1.408728424e+00
   12.903333000    55.756389000  2.467258611e-01  1.344692579e+00
   12.579167000    56.142222000 -7.529344699e-01  1.378166741e+00
   14.357778000    55.557500000 -7.715754421e-01  1.507456378e+00
   15.589444000    56.105278000 -9.918741000e-01  1.613474515e+00
   16.478056000    57.275000000 -1.229459804e+00  1.742051605e+00
   17.097222000    57.366111000 -3.001277181e+00  1.802349156e+00
   18.284444000    57.639167000 -2.414148872e+00  1.765395126e+00
   16.837222000    58.553611000 -3.473293581e+00  1.802849889e+00
   18.081667000    59.324167000 -4.429313019e+00  1.893141131e+00
   18.210833000    60.408611000 -6.668091560e+00  1.967694082e+00
   17.531111000    62.363333000 -8.037887408e+00  2.042882145e+00
   19.012500000    63.190556000 -8.673584463e+00  2.048256911e+00
   20.895000000    63.986111000 -8.846643618e+00  2.150053862e+00
   21.230556000    64.915833000 -7.708930435e+00  2.180523680e+00
   23.096111000    65.696944000 -7.180141202e+00  2.272038276e+00
   27.850000000    40.383333000  6.931602607e+00  2.965919904e+00
   26.716667000    38.433333000  7.888458284e-01  2.931026354e+00
   27.416667000    37.033333000 -1.470754969e-01  2.796393330e+00
   -1.140306000    60.154028000  2.950997537e+00  1.242840636e+00
   -3.086306000    58.440972000 -4.048140904e-01  1.238412781e+00
   -2.077361000    57.144056000 -1.250444141e+00  1.194083639e+00
   -3.181694000    55.989833000  1.342002727e+00  9.923209523e-01
   -1.439778000    55.007444000 -1.884216012e-01  9.915775459e-01
   -0.614694000    54.490000000  9.411103652e+00  1.259830405e+00
   -0.187417000    53.630222000 -2.294477442e+00  1.367530010e+00
    1.301639000    52.934361000  5.644700617e+00  1.316814434e+00
    1.750111000    52.473111000  2.138281072e+00  1.109026091e+00
    1.346556000    51.957694000  2.781167569e+00  2.091855523e+00
    0.723780000    51.514450000  4.484916090e-01  1.665986640e+00
    1.115560000    51.381987000 -2.443026620e+00  2.571205091e+00
    1.322667000    51.114389000  2.323321046e+00  1.374012816e+00
    0.057028000    50.781778000  1.043698104e+00  1.059612035e+00
   -1.111250000    50.802250000  1.940740503e+00  1.220875453e+00
   -1.874861000    50.714333000  1.887443416e+00  1.436863638e+00
   -2.447944000    50.608500000 -4.456197321e+00  1.349613761e+00
   -4.185250000    50.368389000  1.248222860e+00  1.216315476e+00
   -5.542833000    50.103000000  2.762178616e+00  1.253498426e+00
   -6.317222000    49.917861000  8.587378611e-01  1.689661655e+00
   -4.112389000    51.211139000  5.764153145e+00  1.636248885e+00
   -3.131333000    51.210611000  3.109989320e+00  1.134378436e+00
   -2.987444000    51.550000000  1.199634137e+01  1.872118046e+00
   -3.975444000    51.570000000 -8.605450016e-02  1.603496633e+00
   -5.051528000    51.707389000  6.273365232e+00  1.408242335e+00
   -4.983750000    52.013222000  1.187336857e+00  1.465803465e+00
   -4.045028000    52.719333000  2.584006698e+00  1.569304070e+00
   -4.620444000    53.313944000  1.618799151e+00  1.339529212e+00
   -3.825222000    53.331667000  1.571917057e+00  1.279784677e+00
   -3.018000000    53.449694000  1.083742590e+01  1.524079382e+00
   -3.567167000    54.650722000 -3.250021792e+00  1.309003106e+00
   -5.120028000    54.842556000  2.976586054e+00  1.927762617e+00
   -4.906333000    55.749806000  1.715249502e+00  1.290105219e+00
   -6.189917000    55.627583000  1.137396865e+01  2.038830914e+00
   -6.064222000    56.623111000  2.678954702e+00  1.328741227e+00
   -5.157889000    57.895250000  2.584421994e+00  1.216425311e+00
   -6.388972000    58.207806000  3.694471648e+00  1.289778778e+00
   -5.050361000    58.456611000  3.746888414e+00  1.323079821e+00
   -6.656833000    55.206778000  2.832259514e-02  1.169630000e+00
   -5.669472000    54.664750000  1.546246097e+00  1.345432619e+00
