287
  -74.098868138     4.476566275 -7.340000000e-01  1.480000000e+00
  -73.995114617     4.689569091 -3.180000000e+00  1.723000000e+00
  -79.949859377     9.371392241  1.861000000e+00  1.414000000e+00
  -79.407823182     9.238476127 -1.290000000e+00  1.560000000e+00
  -70.177656984   -20.546209406 -3.058000000e+00  1.579000000e+00
  -36.653420137    -9.749223571  6.850000000e-01  1.005000000e+00
  -66.596628170   -27.323426458 -1.120000000e-01  1.051000000e+00
  -72.691708250   -37.795885297  5.431000000e+00  1.906000000e+00
  -71.532049301   -37.338702563  3.936000000e+00  1.258000000e+00
  -51.167470353    -0.060256423 -1.493000000e+00  1.848000000e+00
  -70.758533280     7.084276042 -1.808000000e+00  1.150000000e+00
  -71.492791293   -16.465513751  2.400000000e+00  8.590000000e-01
  -78.170396739    -0.497289793 -3.840000000e-01  1.597000000e+00
  -70.136751782   -19.300815779  1.433000000e+00  1.461000000e+00
  -68.303567331   -54.839525207  1.440000000e+00  8.130000000e-01
  -80.432515514     7.955687467 -1.611000000e+00  1.457000000e+00
  -59.881280201   -36.767021956 -5.200000000e-02  1.067000000e+00
  -44.994895434   -12.150041740  2.859000000e+00  1.316000000e+00
  -41.858519578   -11.305646459  6.970000000e-01  8.470000000e-01
  -40.802702697   -14.888311179  1.218000000e+00  1.087000000e+00
  -58.301095144   -37.761233250  1.488000000e+00  1.045000000e+00
  -59.609096929    13.087953944  9.000000000e-03  1.419000000e+00
  -48.462549691    -1.408794660 -7.970000000e-01  9.190000000e-01
  -74.410309455     6.492683861  6.350000000e-01  1.973000000e+00
  -78.501566493    -1.446635406  3.001000000e+00  1.322000000e+00
  -70.152676322   -20.219012185  8.300000000e-02  1.150000000e+00
  -70.405047379   -23.668493105  3.034000000e+00  1.174000000e+00
  -72.068575695   -45.571988466  4.300000000e-02  1.721000000e+00
  -70.912524064   -53.159921312  5.530000000e-01  1.351000000e+00
  -73.229267174   -39.820474002  1.239300000e+01  1.261000000e+00
  -70.321342106   -18.478884287 -3.139000000e+00  1.725000000e+00
  -73.765474693   -42.481913929  1.090600000e+01  1.316000000e+00
  -60.701115167     2.845183211  6.530000000e-01  1.286000000e+00
  -43.421735549   -13.255557590  9.140000000e-01  8.350000000e-01
  -85.202508789     9.764531533 -9.450000000e+00  1.964000000e+00
  -74.849640948    11.019708789 -3.520000000e-01  1.499000000e+00
  -47.877869021   -15.947475493 -1.524000000e+00  7.050000000e-01
  -38.425537319    -3.877446427  1.700000000e-01  8.080000000e-01
  -73.119280290     7.118934945 -8.720000000e-01  1.923000000e+00
  -58.519299287   -34.573700943  2.360000000e+00  8.670000000e-01
  -58.519299300   -34.573701193  2.694000000e+00  1.584000000e+00
  -77.010420346     3.882023008  1.525000000e+00  1.451000000e+00
  -77.149319506   -12.062874824  1.412000000e+00  1.446000000e+00
  -76.532564527     3.375786943  1.590000000e-01  1.241000000e+00
  -75.533853333    10.391334548 -1.321000000e+00  1.034000000e+00
  -65.774120767   -28.470984707 -1.640000000e+00  1.349000000e+00
  -52.309974938     4.948771707  1.327000000e+00  1.442000000e+00
  -68.448149426   -22.746368858  1.091000000e+00  1.062000000e+00
  -69.761523727   -22.189636265  4.260000000e+00  1.033000000e+00
  -38.425540842    -3.877547699  1.400000000e-01  9.990000000e-01
  -40.319455144   -20.310793448  1.048000000e+00  9.430000000e-01
  -38.472918288    -3.710810571 -1.164000000e+00  1.145000000e+00
  -68.232648311   -31.602167267  2.350000000e-01  8.600000000e-01
  -70.068965800   -20.177126209  1.008000000e+00  9.540000000e-01
  -58.959693039   -27.420439337  1.208000000e+00  1.709000000e+00
  -69.194167547   -19.668538193  9.220000000e-01  9.870000000e-01
  -44.985158408   -22.687145511  9.340000000e-01  9.290000000e-01
  -78.775714397    -1.466801829 -7.050000000e-01  1.344000000e+00
  -67.760574792   -23.027490336  9.410000000e-01  1.023000000e+00
  -69.356650156   -20.954484152  5.860000000e-01  9.840000000e-01
  -81.362920745    13.375495342 -8.240000000e-01  1.913000000e+00
  -71.988026327    12.221821460  2.361000000e+00  1.850000000e+00
  -68.958014645    12.180043507  4.540000000e-01  1.329000000e+00
  -78.463155810    -1.433116090  3.747000000e+00  1.512000000e+00
  -77.786984959     0.716067565 -3.670000000e-01  1.573000000e+00
  -67.803979362   -22.167383138  5.090000000e-01  1.669000000e+00
  -78.413687229    -0.659958225  2.420000000e-01  1.216000000e+00
  -72.412118472   -35.330954644 -1.650000000e+00  1.514000000e+00
  -73.025377889   -36.842838989 -3.586000000e+00  9.960000000e-01
  -73.025518048   -36.843776529  7.590000000e-01  1.925000000e+00
  -64.470048478   -31.528434680 -4.420000000e-01  1.326000000e+00
  -71.892080481   -45.514341629  9.090000000e-01  8.110000000e-01
  -39.415605510    -7.238018644  3.440000000e-01  9.800000000e-01
  -71.790146449   -16.996294891  2.152000000e+00  1.359000000e+00
  -70.079781802   -20.917675044  2.762000000e+00  9.260000000e-01
  -72.672110437    -7.611161807 -7.550000000e-01  1.590000000e+00
  -80.728397211    -1.053068902  3.695000000e+00  1.137000000e+00
  -69.302213565   -31.784886822  5.138000000e+00  1.683000000e+00
  -70.096828992   -21.964162518  4.417000000e+00  1.344000000e+00
  -72.487939616     7.898458304 -4.460000000e-01  1.380000000e+00
  -56.069866796   -15.555262553 -9.230000000e-01  8.030000000e-01
  -74.663313084     5.453845009 -4.140000000e-01  1.127000000e+00
  -55.892174547   -27.368943774 -8.600000000e-02  1.340000000e+00
  -47.899180818   -22.004947489  7.590000000e-01  1.275000000e+00
  -60.672143620   -31.639930013  5.129000000e+00  1.920000000e+00
  -79.724373077     0.934648009  6.430000000e-01  1.198000000e+00
  -71.323400620   -42.917113297  0.000000000e+00  1.800000000e+00
  -57.874067300   -51.693652230  3.800000000e-02  9.910000000e-01
  -69.755414788   -20.134630705 -4.690000000e+00  1.941000000e+00
  -75.604502000     1.620262858 -1.719000000e+00  1.728000000e+00
  -38.425612829    -3.877445274 -2.327000000e+00  1.531000000e+00
  -73.734808618     5.467343234  1.371000000e+00  1.364000000e+00
  -73.360037470     5.081333605  3.600000000e+00  1.663000000e+00
  -78.593665401    -0.180433881 -1.810000000e-01  1.182000000e+00
  -90.303671815    -0.742999402 -2.270000000e-01  5.750000000e-01
  -51.726109211   -17.883277975 -1.128000000e+00  1.002000000e+00
  -65.760778341   -24.690587074  1.470000000e-01  1.654000000e+00
  -61.640454198    12.221783129 -7.410000000e-01  1.247000000e+00
  -90.520183128    14.590403957  4.900000000e-02  1.822000000e+00
  -59.026222947   -31.869130051  2.660000000e-01  1.639000000e+00
  -91.113383659    -0.782403267  2.121500000e+01  1.677000000e+00
  -41.957619347   -18.855606565 -8.410000000e-01  1.179000000e+00
  -63.013643019   -35.032599645  1.281000000e+00  1.860000000e+00
  -85.710061654    10.292197702 -3.036000000e+00  1.854000000e+00
  -85.351693628    10.017731715 -8.210000000e-01  1.658000000e+00
  -70.332851845   -18.479747508 -4.221000000e+00  1.935000000e+00
  -75.214723557     4.428044689  5.340000000e-01  1.875000000e+00
  -58.439319384   -34.572243304  1.615000000e+00  9.040000000e-01
  -79.535755389     8.984885486  9.080000000e-01  1.630000000e+00
  -51.343384897   -20.427783613  8.700000000e-01  1.608000000e+00
  -48.655721615   -28.234838662  2.780000000e-01  1.176000000e+00
  -47.497234784    -5.491766180 -2.005000000e+00  9.130000000e-01
  -85.502195884     9.864627283 -1.091700000e+01  1.914000000e+00
  -70.131714124   -20.273541373  1.000000000e-01  9.540000000e-01
  -65.622749656   -27.584407957 -1.138000000e+00  1.129000000e+00
  -70.574908541   -23.288916482  4.760000000e-01  1.031000000e+00
  -52.639750191     5.098470837  3.470000000e-01  1.474000000e+00
  -52.805959733     5.252181534 -1.070000000e+00  9.610000000e-01
  -43.961933429   -19.868603264  4.117000000e+00  1.694000000e+00
  -68.602602658   -25.326060783  5.967000000e+00  1.503000000e+00
  -65.595247381   -38.002659655  1.560000000e-01  7.960000000e-01
  -57.850742751   -51.698410757  8.350000000e-01  1.275000000e+00
  -68.520186106   -25.165462285  6.482000000e+00  1.643000000e+00
  -71.361873052   -38.455222516  1.140800000e+01  1.905000000e+00
  -35.207705950    -5.836161064 -2.440000000e-01  1.697000000e+00
  -57.932299424   -34.906745819  2.046000000e+00  9.610000000e-01
  -71.246038815   -29.908191783 -6.260000000e-01  1.728000000e+00
  -53.717325353   -29.712645714  3.420000000e-01  1.566000000e+00
  -63.013643253   -35.032599293  2.560000000e-01  1.717000000e+00
  -71.624431691    10.673977860  3.800000000e-01  1.113000000e+00
  -68.057351634   -38.951048576 -2.657000000e+00  1.656000000e+00
  -58.394088305   -34.607022804  1.303000000e+00  1.471000000e+00
  -49.122297816    -5.362377812  1.943000000e+00  1.471000000e+00
  -46.039717368    -7.533813986  2.171000000e+00  1.462000000e+00
  -86.248994016    12.148938106 -7.360000000e-01  1.644000000e+00
  -51.097336975     0.046686440  1.720000000e+00  1.046000000e+00
  -70.247501588   -22.745814433  3.475000000e+00  1.130000000e+00
  -43.881316411   -16.720394664 -2.164000000e+00  1.225000000e+00
  -58.075845411   -29.184887162  1.801000000e+00  1.881000000e+00
  -75.578916517     6.199404743  2.020000000e-01  1.528000000e+00
  -43.924897210   -19.941899805  1.487000000e+00  1.160000000e+00
  -46.328024229   -22.318561008  1.609000000e+00  1.114000000e+00
  -43.858316835   -16.716391224  3.152000000e+00  9.850000000e-01
  -46.132552122   -19.209859422  9.700000000e-01  1.143000000e+00
  -48.256049608   -18.919162301  1.958000000e+00  1.057000000e+00
  -45.434993472   -21.542621594 -9.000000000e-02  1.839000000e+00
  -73.214852024   -39.431377983  9.582000000e+00  1.617000000e+00
  -69.827275783   -21.714756682  5.417000000e+00  1.453000000e+00
  -57.571297322   -38.005766959  3.000000000e-02  1.409000000e+00
  -57.531142051   -38.035603871  2.570000000e+00  1.593000000e+00
  -54.540702801   -20.440899809 -1.046000000e+00  1.203000000e+00
  -52.264731721   -15.889970193  6.100000000e-01  1.308000000e+00
  -52.271357160   -13.555825583  1.713000000e+00  1.266000000e+00
  -55.456263423   -10.803864129  1.459000000e+00  1.172000000e+00
  -50.663507043   -11.619279387 -1.460000000e-01  1.019000000e+00
  -55.727413301   -12.545233628  1.110000000e-01  1.498000000e+00
  -68.875573974   -32.895153041  2.787000000e+00  1.282000000e+00
  -68.150061433   -33.254843145 -5.730000000e-01  1.489000000e+00
  -35.207700168    -5.837505784  3.700000000e-01  8.820000000e-01
  -60.055016718    -3.022918955 -3.888000000e+00  1.734000000e+00
  -47.924968555   -25.020239193  1.087000000e+00  1.055000000e+00
  -64.454004855   -40.105393033 -1.170000000e+00  1.159000000e+00
  -75.292875899     2.937405207 -1.279000000e+00  1.704000000e+00
  -60.729346014   -26.685912342 -4.190000000e-01  1.578000000e+00
  -73.401103247   -39.868741405  7.915000000e+00  1.484000000e+00
  -43.224331852   -22.895699570 -3.930000000e-01  1.072000000e+00
  -73.103619348   -40.597245417  1.004800000e+01  1.395000000e+00
  -49.895041216   -22.949172794 -1.554000000e+00  1.236000000e+00
  -52.181307575    -3.200981988  2.194000000e+00  1.720000000e+00
  -49.230955024   -25.448368097  1.187000000e+00  8.530000000e-01
  -35.907137994    -7.213676787 -1.120000000e-01  9.910000000e-01
  -70.106744101   -18.457673849 -1.402000000e+00  1.751000000e+00
  -65.899380225   -47.756626099  1.316000000e+00  1.328000000e+00
  -61.894639035   -35.806324219 -8.490000000e-01  1.235000000e+00
  -40.506123839    -9.384417350  8.630000000e-01  9.300000000e-01
  -75.689509239     4.792496041  1.490000000e+00  1.323000000e+00
  -69.334617705   -20.489841838 -1.884000000e+00  1.704000000e+00
  -42.702759166    -9.030692331  4.053000000e+00  1.299000000e+00
  -42.793029634    -5.102480275  2.579000000e+00  1.211000000e+00
  -55.144863683     5.828160995 -3.238000000e+00  1.130000000e+00
  -72.938932213   -41.468593651  5.434000000e+00  1.413000000e+00
  -85.829049646    10.195549185 -5.501000000e+00  1.837000000e+00
  -51.119764923   -30.074042109  5.580000000e-01  8.060000000e-01
  -46.730312202   -23.555646743  8.670000000e-01  1.186000000e+00
  -76.601231702     2.443101163  1.350000000e+00  1.469000000e+00
  -63.896319841    -8.709335894 -1.665000000e+00  1.087000000e+00
  -51.408534145   -22.119903940 -1.860000000e-01  9.810000000e-01
  -51.487578078   -25.383997267  1.392000000e+00  1.188000000e+00
  -60.469439644   -31.781435254  1.337000000e+00  1.851000000e+00
  -77.277080294     1.211711385 -9.300000000e-01  1.169000000e+00
  -71.370402418   -17.701351703  3.552000000e+00  1.484000000e+00
  -69.574329186   -18.194288539 -7.310000000e-01  1.141000000e+00
  -73.734982893   -40.586416369 -9.650000000e-01  9.970000000e-01
  -85.272478195    10.113978111 -4.800000000e-01  1.673000000e+00
  -69.210602348   -38.423071356  8.860000000e-01  1.563000000e+00
  -78.497349404    -0.237051153 -1.829000000e+00  1.702000000e+00
  -68.926803690   -22.082920288 -3.974000000e+00  1.101000000e+00
  -34.951516569    -8.050963029 -2.223000000e+00  7.880000000e-01
  -67.751117911   -53.785471737  1.281000000e+00  8.170000000e-01
  -64.349385088   -33.125248035 -2.160000000e-01  1.892000000e+00
  -67.802812001    -9.965458196 -3.215000000e+00  1.229000000e+00
  -43.306276887   -22.817843932 -1.520000000e-01  9.010000000e-01
  -67.751118120   -53.785472105  1.094000000e+00  1.002000000e+00
  -72.869702124    11.513215879 -1.531000000e+00  1.675000000e+00
  -78.651107070    -1.650596073 -1.456000000e+00  1.226000000e+00
  -41.326156049   -21.764864793  7.940000000e-01  9.320000000e-01
  -37.325464936    -5.204232927 -1.943000000e+00  1.100000000e+00
  -35.207708169    -5.836139674 -4.760000000e-01  9.570000000e-01
  -60.543910723   -13.122275417 -1.743000000e+00  1.286000000e+00
  -65.330607745   -10.784242283 -1.624000000e+00  1.370000000e+00
  -61.959715680   -10.863899938 -6.310000000e-01  1.172000000e+00
  -52.952088659   -22.523302684 -1.614000000e+00  1.102000000e+00
  -65.107248292   -43.298880634  4.390000000e-01  8.530000000e-01
  -58.519299446   -34.573701328  3.840000000e-01  1.075000000e+00
  -78.493608266    -0.215157726 -4.720000000e-01  9.920000000e-01
  -67.057781261    -0.143853579 -1.806000000e+00  1.195000000e+00
  -66.322453258   -24.213088237 -8.190000000e-01  1.329000000e+00
  -78.154686584    -0.233170793  1.618000000e+00  1.660000000e+00
  -44.212479082    -2.593458556 -1.443000000e+00  1.203000000e+00
  -38.512359330   -13.008669164 -3.060000000e-01  1.162000000e+00
  -74.187093163    11.225247195 -6.590000000e+00  1.763000000e+00
  -81.715722554    12.580450018 -1.524000000e+00  1.431000000e+00
  -38.432253912   -12.939245995  3.700000000e-01  8.350000000e-01
  -61.226562621   -30.308777624  9.370000000e-01  1.263000000e+00
  -52.599506992   -27.137564848 -6.600000000e-02  1.012000000e+00
  -50.304261551   -27.792834802  6.300000000e-01  9.490000000e-01
  -63.159673933   -17.796791091 -7.193000000e+00  1.722000000e+00
  -78.458771288    -0.644776903 -6.290000000e-01  1.423000000e+00
  -70.738743766   -29.254903592  4.379000000e+00  1.569000000e+00
  -49.359950856   -20.785517928  7.340000000e-01  9.410000000e-01
  -66.314009654   -33.156356627 -1.216000000e+00  1.230000000e+00
  -53.716593438   -29.718923465  9.560000000e-01  9.100000000e-01
  -78.847005638     1.292515675 -1.538000000e+00  1.975000000e+00
  -68.295165243   -24.454612396  1.635000000e+00  1.606000000e+00
  -50.439788384   -21.184664948 -1.593000000e+00  1.200000000e+00
  -48.432300826   -22.852465864  2.030000000e+00  1.605000000e+00
  -47.062693640   -22.816285095  3.676000000e+00  1.782000000e+00
  -48.286703147   -21.241071867  2.441000000e+00  1.528000000e+00
  -69.347833660   -22.871129772  4.290000000e-01  9.170000000e-01
  -64.280394634   -36.621560610 -2.223000000e+00  1.515000000e+00
  -56.991929747     5.945084060 -1.956000000e+00  1.472000000e+00
  -65.953293806   -24.449790220  2.720000000e-01  1.490000000e+00
  -55.203076309     5.455643188 -4.720000000e-01  1.226000000e+00
  -38.516484838   -12.975157431  4.640000000e-01  9.150000000e-01
  -61.931292533   -37.458499331  1.840000000e-01  1.289000000e+00
  -54.487520575   -26.993713365 -1.104000000e+00  1.347000000e+00
  -77.816417175    -0.990018756  1.437000000e+00  1.572000000e+00
  -64.256780749   -27.789144945 -3.200000000e-01  1.350000000e+00
  -72.613724563   -38.764769650  1.126100000e+01  1.631000000e+00
  -49.049098833   -11.746705298  1.606000000e+00  1.207000000e+00
  -70.806051240   -30.169892036  4.170000000e+00  1.777000000e+00
  -48.330679330   -10.171052641 -1.498000000e+00  1.183000000e+00
  -72.672286369   -38.235577545  9.293000000e+00  1.705000000e+00
  -65.282175148   -26.230216147  2.260000000e+00  1.609000000e+00
  -65.195668790   -26.832653163 -3.257000000e+00  1.235000000e+00
  -65.230351946   -26.843255687 -1.044000000e+00  1.305000000e+00
  -73.363882025     5.531328911  7.840000000e-01  8.610000000e-01
  -70.141259908   -20.242999738  4.790000000e-01  1.709000000e+00
  -45.118901871   -23.500175757  1.292000000e+00  1.774000000e+00
  -48.316971709   -18.889535125 -1.988000000e+00  1.131000000e+00
  -70.409270501   -23.678967323  3.846000000e+00  1.189000000e+00
  -64.193505763   -31.434960188  3.870000000e-01  1.167000000e+00
  -51.408534183   -22.119904233  9.330000000e-01  1.048000000e+00
  -49.230955015   -25.448367778  1.009000000e+00  8.110000000e-01
  -69.208653860   -51.647992176  7.000000000e-03  1.202000000e+00
  -60.628425518   -32.959353177  2.168000000e+00  9.700000000e-01
  -65.407643688   -24.727456923  2.880000000e-01  1.437000000e+00
  -68.577060620   -31.541257648  7.530000000e-01  1.235000000e+00
  -67.114388055   -17.952800698 -1.189000000e+00  1.014000000e+00
  -67.205542068   -22.242005123  4.435000000e+00  1.573000000e+00
  -55.602434759   -33.315884672  1.940000000e-01  1.129000000e+00
  -54.142097188   -34.655701235  1.260000000e+00  1.544000000e+00
  -56.259882433   -34.888318078  1.443000000e+00  1.161000000e+00
  -58.067188688   -32.291249185  6.315000000e+00  1.976000000e+00
  -53.554825854   -34.001004612  5.440000000e-01  1.144000000e+00
  -58.013657765   -33.261266397  6.630000000e-01  1.418000000e+00
  -73.251969911    10.473966138 -1.260000000e+00  1.161000000e+00
  -70.764374614   -28.571974669  3.762000000e+00  1.382000000e+00
  -45.434875958   -21.542684047 -7.154000000e+00  1.855000000e+00
  -62.269227236   -38.700768702 -5.870000000e-01  7.670000000e-01
  -42.869989628   -20.761499818  1.646000000e+00  8.340000000e-01
  -73.584131184     4.074636823 -6.210000000e-01  1.173000000e+00
  -69.964688557   -23.117231195  5.930000000e+00  1.034000000e+00
  -74.847319747     9.286741494  1.700000000e+00  1.871000000e+00
  -78.412433848    -1.363835168  8.150000000e-01  1.408000000e+00
  -63.679984566   -22.017102819 -1.823000000e+00  1.398000000e+00
  -72.388994328     5.321761281  7.500000000e-02  1.006000000e+00
