63
  130.845861000   -12.471778000 -2.077381508e-02  1.807373790e+00
  142.211667000   -10.521667000 -2.373421055e+00  2.327256766e+00
  145.466667000   -16.483333000  3.538659056e+00  2.085527386e+00
  145.783333000   -16.916667000 -9.105090742e-01  1.618397238e+00
  146.083333000   -17.583333000  1.416448800e+00  1.709241059e+00
  146.383333000   -18.516667000  8.134244115e-01  1.697415625e+00
  148.250000000   -20.016667000  1.287259410e+00  1.622519159e+00
  146.833333000   -19.250000000  2.405216144e+00  1.535264375e+00
  147.058444000   -19.277333000  8.038826247e-01  1.555347874e+00
  148.783333000   -20.283333000 -1.936249659e-01  1.649146378e+00
  149.233333000   -21.100000000  1.209732238e+00  1.698340063e+00
  150.790167000   -23.161028000  1.850297365e+00  1.461273564e+00
  150.866667000   -23.583333000  2.119925661e+00  1.536795977e+00
  151.313667000   -23.853833000  2.386508995e+00  1.622964592e+00
  152.383333000   -24.766667000  4.280799257e+00  1.413595505e+00
  153.166667000   -27.366667000  2.832242278e+00  1.188295567e+00
  153.552111000   -28.536811000 -5.602609275e-01  1.366125595e+00
  153.549642000   -28.169450000  1.031673950e+00  1.809180878e+00
  153.361875000   -29.429712000  9.658902618e-01  1.471443529e+00
  153.146061000   -30.302858000  2.941897281e+00  1.289897592e+00
  159.066667000   -31.516667000 -1.174551189e+00  2.161748718e+00
  152.910983000   -31.426792000 -7.084588609e-01  1.298496135e+00
  152.182239000   -32.714881000  1.535984173e+00  1.492197724e+00
  151.788583000   -32.924000000 -3.765192223e-02  1.267953224e+00
  151.225778000   -33.854667000  1.167255316e+00  1.124833915e+00
  150.911861000   -34.473750000  8.701411355e-01  1.112545693e+00
  150.707600000   -35.122003000  1.877574781e+00  1.234520890e+00
  149.907739000   -37.073660000 -1.002543189e-01  1.183121639e+00
  145.224694000   -38.372139000  6.971487667e-01  1.181959508e+00
  145.915000000   -41.050083000  7.241438021e-01  1.033193107e+00
  146.362431000   -41.184692000 -9.036711408e-01  1.177278758e+00
  147.932722000   -42.545861000  1.589247869e+00  1.046589812e+00
  147.340953000   -42.877328000  9.953043470e-01  1.282133341e+00
  143.988833000   -38.547194000 -1.398024966e+00  1.184224316e+00
  141.613167000   -38.343444000  6.664657829e-01  1.183989104e+00
  138.635403000   -35.562481000  1.153337514e+00  1.493331732e+00
  138.467028000   -35.108611000  1.558618125e+00  2.258152482e+00
  138.480728000   -34.779761000  1.957408434e+00  1.385572227e+00
  137.768319000   -35.021781000  6.029366583e-01  1.428001703e+00
  137.615169000   -33.926017000  1.110602653e+00  1.403668911e+00
  138.011650000   -33.177644000  1.984549583e+00  1.216534693e+00
  137.590356000   -33.012783000  1.068172712e+00  1.278446795e+00
  135.870011000   -34.715903000 -1.379416829e+00  1.427852891e+00
  133.641333000   -32.148944000  1.049725876e+00  1.311886902e+00
  121.895361000   -33.870889000  1.098409736e+00  1.320294182e+00
  117.892556000   -35.033722000  5.417224061e-01  1.570842426e+00
  115.659972000   -33.323444000  7.926828375e-01  1.676699693e+00
  115.739444000   -32.055833000  1.580947169e+00  1.516190262e+00
  115.738583000   -31.825556000  3.367223605e+00  1.513150308e+00
  114.601889000   -28.775972000  3.349906463e+00  1.812214094e+00
  113.651028000   -24.898694000  8.046881971e-01  1.992532859e+00
  114.140889000   -21.954861000  3.800160320e-01  1.969727239e+00
  115.131528000   -21.649667000  1.175858865e+00  1.981635978e+00
  116.749056000   -20.623611000 -3.094405832e+00  2.092595376e+00
  117.186028000   -20.587972000  1.531112968e+00  2.029811573e+00
  118.574417000   -20.317583000  9.399904334e-01  1.860110946e+00
  122.218639000   -18.000833000  2.837565366e-01  1.698007600e+00
  128.101028000   -15.453278000 -1.436877784e+00  2.450108503e+00
  152.916667000   -25.300000000  2.683676200e+00  1.365971382e+00
  142.310000000   -10.508333000  1.620128409e+00  1.671585596e+00
  153.416667000   -27.950000000  4.857702937e+00  1.348421913e+00
  153.133333000   -26.683333000 -4.754518337e-03  1.348131203e+00
  149.300000000   -21.283333000  3.819154684e+00  1.704890549e+00
