1340
  110.125000000   -49.875000000  6.109378723e+00  5.205101262e-01
  111.125000000   -49.875000000  5.198097385e+00  5.194509886e-01
  112.125000000   -49.875000000  3.949747530e+00  5.151130020e-01
  113.125000000   -49.875000000  2.965881770e+00  5.057330020e-01
  114.125000000   -49.875000000  2.690733250e+00  5.026123285e-01
  115.125000000   -49.875000000  3.029060178e+00  5.175535632e-01
  116.125000000   -49.875000000  3.571412955e+00  5.580629418e-01
  117.125000000   -49.875000000  4.066378035e+00  5.889248152e-01
  118.125000000   -49.875000000  4.231675439e+00  5.732127735e-01
  119.125000000   -49.875000000  3.687813410e+00  5.725641509e-01
  120.125000000   -49.875000000  2.919581807e+00  6.179585346e-01
  121.125000000   -49.875000000  3.211739032e+00  6.820572601e-01
  122.125000000   -49.875000000  4.705995353e+00  7.218300469e-01
  123.125000000   -49.875000000  5.811113429e+00  7.637058562e-01
  124.125000000   -49.875000000  4.861280770e+00  8.325974798e-01
  125.125000000   -49.875000000  2.300176756e+00  8.386677462e-01
  126.125000000   -49.875000000  9.449031890e-01  7.626656401e-01
  127.125000000   -49.875000000  2.537781204e+00  6.961286883e-01
  128.125000000   -49.875000000  5.269787058e+00  7.305304209e-01
  129.125000000   -49.875000000  6.485058202e+00  7.033322109e-01
  130.125000000   -49.875000000  5.522920061e+00  5.961358842e-01
  131.125000000   -49.875000000  3.628783696e+00  5.389647190e-01
  132.125000000   -49.875000000  2.277480203e+00  5.339197645e-01
  133.125000000   -49.875000000  1.997025230e+00  4.871251637e-01
  134.125000000   -49.875000000  2.426902187e+00  4.173767412e-01
  135.125000000   -49.875000000  2.932189912e+00  4.028415403e-01
  136.125000000   -49.875000000  3.137325617e+00  4.053036373e-01
  137.125000000   -49.875000000  2.933835952e+00  4.390246727e-01
  138.125000000   -49.875000000  2.421687552e+00  5.162611897e-01
  139.125000000   -49.875000000  2.246429835e+00  5.594229808e-01
  140.125000000   -49.875000000  2.879265473e+00  5.706846849e-01
  141.125000000   -49.875000000  3.509237826e+00  5.958451940e-01
  142.125000000   -49.875000000  3.291181324e+00  6.576086269e-01
  143.125000000   -49.875000000  3.181717071e+00  7.202082037e-01
  144.125000000   -49.875000000  4.747237602e+00  7.302070241e-01
  145.125000000   -49.875000000  7.170735387e+00  7.607625561e-01
  146.125000000   -49.875000000  8.170705611e+00  8.551850898e-01
  147.125000000   -49.875000000  7.506357336e+00  8.296762342e-01
  148.125000000   -49.875000000  6.379706425e+00  6.482621529e-01
  149.125000000   -49.875000000  5.580192772e+00  6.089762522e-01
  150.125000000   -49.875000000  5.195833415e+00  6.594414879e-01
  151.125000000   -49.875000000  4.662524601e+00  6.003887802e-01
  152.125000000   -49.875000000  4.015397272e+00  5.430323039e-01
  153.125000000   -49.875000000  3.810461258e+00  5.378460901e-01
  154.125000000   -49.875000000  3.940565878e+00  5.583477282e-01
  155.125000000   -49.875000000  3.824456504e+00  5.133652637e-01
  156.125000000   -49.875000000  3.330876158e+00  4.513479338e-01
  157.125000000   -49.875000000  3.049405713e+00  4.763681040e-01
  158.125000000   -49.875000000  3.250381320e+00  5.210763566e-01
  159.125000000   -49.875000000  3.850065984e+00  5.157387180e-01
  110.125000000   -48.875000000  5.400451024e+00  4.831596956e-01
  111.125000000   -48.875000000  4.484391836e+00  4.872327040e-01
  112.125000000   -48.875000000  3.578361843e+00  4.793436342e-01
  113.125000000   -48.875000000  3.038545552e+00  4.455351730e-01
  114.125000000   -48.875000000  3.078223016e+00  4.122273101e-01
  115.125000000   -48.875000000  3.748263072e+00  4.378096787e-01
  116.125000000   -48.875000000  4.869351038e+00  4.850477215e-01
  117.125000000   -48.875000000  6.058410895e+00  5.094538641e-01
  118.125000000   -48.875000000  6.513393599e+00  4.879134912e-01
  119.125000000   -48.875000000  5.483965445e+00  4.816866059e-01
  120.125000000   -48.875000000  3.608879654e+00  5.295802224e-01
  121.125000000   -48.875000000  2.857468030e+00  6.292565947e-01
  122.125000000   -48.875000000  4.242658561e+00  7.471843605e-01
  123.125000000   -48.875000000  6.240339497e+00  8.473914423e-01
  124.125000000   -48.875000000  6.224971902e+00  9.428781860e-01
  125.125000000   -48.875000000  3.544850678e+00  9.579922973e-01
  126.125000000   -48.875000000  6.294753199e-01  8.267883780e-01
  127.125000000   -48.875000000  7.224677587e-02  6.930909577e-01
  128.125000000   -48.875000000  1.663606850e+00  6.906964351e-01
  129.125000000   -48.875000000  3.674941566e+00  6.437258681e-01
  130.125000000   -48.875000000  4.730050619e+00  5.507927545e-01
  131.125000000   -48.875000000  4.346883834e+00  5.101309955e-01
  132.125000000   -48.875000000  3.186901936e+00  5.060882679e-01
  133.125000000   -48.875000000  2.534410279e+00  4.892394132e-01
  134.125000000   -48.875000000  2.830597832e+00  4.082422542e-01
  135.125000000   -48.875000000  3.394142683e+00  3.705012753e-01
  136.125000000   -48.875000000  3.497946771e+00  3.699967992e-01
  137.125000000   -48.875000000  2.929384788e+00  3.964074470e-01
  138.125000000   -48.875000000  1.999701930e+00  4.853863227e-01
  139.125000000   -48.875000000  1.458532585e+00  5.368693866e-01
  140.125000000   -48.875000000  1.550036016e+00  5.142715339e-01
  141.125000000   -48.875000000  1.334048383e+00  4.744716892e-01
  142.125000000   -48.875000000  3.186242013e-01  5.113709251e-01
  143.125000000   -48.875000000 -1.522172531e-01  6.033465070e-01
  144.125000000   -48.875000000  1.501314070e+00  6.217224993e-01
  145.125000000   -48.875000000  4.447835600e+00  5.946920754e-01
  146.125000000   -48.875000000  6.362576014e+00  6.132153629e-01
  147.125000000   -48.875000000  6.519713769e+00  5.859438720e-01
  148.125000000   -48.875000000  5.708242504e+00  5.045227668e-01
  149.125000000   -48.875000000  5.019751657e+00  5.258685202e-01
  150.125000000   -48.875000000  4.869087033e+00  5.859920811e-01
  151.125000000   -48.875000000  4.561015623e+00  5.410171548e-01
  152.125000000   -48.875000000  3.925745488e+00  4.917160619e-01
  153.125000000   -48.875000000  3.545059336e+00  4.719979218e-01
  154.125000000   -48.875000000  3.516074981e+00  4.633424005e-01
  155.125000000   -48.875000000  3.492300547e+00  4.246868358e-01
  156.125000000   -48.875000000  3.394091233e+00  3.908991618e-01
  157.125000000   -48.875000000  3.435667532e+00  4.029433524e-01
  158.125000000   -48.875000000  3.533769377e+00  4.134158119e-01
  159.125000000   -48.875000000  3.698602058e+00  4.001587556e-01
  110.125000000   -47.875000000  3.304866257e+00  4.359392584e-01
  111.125000000   -47.875000000  2.725931178e+00  4.874000852e-01
  112.125000000   -47.875000000  2.635697673e+00  5.067618151e-01
  113.125000000   -47.875000000  2.660540751e+00  4.581993012e-01
  114.125000000   -47.875000000  2.537886956e+00  4.023882520e-01
  115.125000000   -47.875000000  2.861077826e+00  4.336577086e-01
  116.125000000   -47.875000000  4.085110041e+00  5.024334657e-01
  117.125000000   -47.875000000  5.612964174e+00  5.532106271e-01
  118.125000000   -47.875000000  6.195275285e+00  5.378946970e-01
  119.125000000   -47.875000000  5.096589085e+00  5.074478873e-01
  120.125000000   -47.875000000  3.204919422e+00  5.111809248e-01
  121.125000000   -47.875000000  2.576230810e+00  5.841298999e-01
  122.125000000   -47.875000000  4.263616098e+00  6.893472813e-01
  123.125000000   -47.875000000  6.737580316e+00  7.348269486e-01
  124.125000000   -47.875000000  7.263209280e+00  7.975429438e-01
  125.125000000   -47.875000000  4.944792241e+00  7.911718130e-01
  126.125000000   -47.875000000  1.763088142e+00  6.519509148e-01
  127.125000000   -47.875000000  1.884819462e-01  5.444470254e-01
  128.125000000   -47.875000000  6.856837186e-01  5.289901599e-01
  129.125000000   -47.875000000  2.377604449e+00  4.910777769e-01
  130.125000000   -47.875000000  4.004127041e+00  4.459107173e-01
  131.125000000   -47.875000000  4.467648858e+00  4.322434779e-01
  132.125000000   -47.875000000  3.822114292e+00  4.023602308e-01
  133.125000000   -47.875000000  3.183288763e+00  3.794925737e-01
  134.125000000   -47.875000000  3.137424794e+00  3.400600257e-01
  135.125000000   -47.875000000  3.287567010e+00  3.037127098e-01
  136.125000000   -47.875000000  3.255064247e+00  2.864675045e-01
  137.125000000   -47.875000000  2.998748918e+00  3.020385178e-01
  138.125000000   -47.875000000  2.617071799e+00  3.535537456e-01
  139.125000000   -47.875000000  2.406477198e+00  4.051123619e-01
  140.125000000   -47.875000000  2.321917111e+00  4.188771214e-01
  141.125000000   -47.875000000  1.715474051e+00  3.923585884e-01
  142.125000000   -47.875000000  6.224643766e-01  3.635030551e-01
  143.125000000   -47.875000000  1.029076436e-01  3.984853432e-01
  144.125000000   -47.875000000  8.994433564e-01  4.374677013e-01
  145.125000000   -47.875000000  2.517933929e+00  4.121640586e-01
  146.125000000   -47.875000000  4.030264078e+00  4.073814537e-01
  147.125000000   -47.875000000  4.844331878e+00  4.649275667e-01
  148.125000000   -47.875000000  4.791698265e+00  4.937523042e-01
  149.125000000   -47.875000000  4.579547811e+00  4.850848913e-01
  150.125000000   -47.875000000  4.688536157e+00  4.659773890e-01
  151.125000000   -47.875000000  4.540710916e+00  4.141965644e-01
  152.125000000   -47.875000000  3.938995960e+00  3.961939841e-01
  153.125000000   -47.875000000  3.443762318e+00  3.896742393e-01
  154.125000000   -47.875000000  3.291600103e+00  3.726898032e-01
  155.125000000   -47.875000000  3.315208626e+00  3.430470520e-01
  156.125000000   -47.875000000  3.353925871e+00  3.219343749e-01
  157.125000000   -47.875000000  3.360204134e+00  3.332487797e-01
  158.125000000   -47.875000000  3.331141013e+00  3.422595754e-01
  159.125000000   -47.875000000  3.386658537e+00  3.343239348e-01
  110.125000000   -46.875000000  2.404623005e+00  4.626069254e-01
  111.125000000   -46.875000000  2.607113814e+00  4.883405566e-01
  112.125000000   -46.875000000  3.326137420e+00  5.180703947e-01
  113.125000000   -46.875000000  3.555452856e+00  5.152394160e-01
  114.125000000   -46.875000000  2.835760604e+00  4.639955471e-01
  115.125000000   -46.875000000  2.248933031e+00  4.237607526e-01
  116.125000000   -46.875000000  2.863881120e+00  4.751482086e-01
  117.125000000   -46.875000000  4.179692840e+00  5.595173437e-01
  118.125000000   -46.875000000  4.907750057e+00  5.602909865e-01
  119.125000000   -46.875000000  4.322740104e+00  5.301988821e-01
  120.125000000   -46.875000000  3.126011721e+00  5.017210460e-01
  121.125000000   -46.875000000  2.875471688e+00  5.037851885e-01
  122.125000000   -46.875000000  4.213238602e+00  5.522021319e-01
  123.125000000   -46.875000000  5.992365716e+00  5.242186239e-01
  124.125000000   -46.875000000  6.433830240e+00  5.051488882e-01
  125.125000000   -46.875000000  5.014371237e+00  4.811816404e-01
  126.125000000   -46.875000000  2.977369652e+00  4.187813960e-01
  127.125000000   -46.875000000  1.771545504e+00  3.809058564e-01
  128.125000000   -46.875000000  1.669965844e+00  3.539065193e-01
  129.125000000   -46.875000000  2.347780392e+00  3.359992049e-01
  130.125000000   -46.875000000  3.258991699e+00  3.400645919e-01
  131.125000000   -46.875000000  3.709933804e+00  3.504395984e-01
  132.125000000   -46.875000000  3.524551643e+00  3.356215642e-01
  133.125000000   -46.875000000  3.205984265e+00  3.229114686e-01
  134.125000000   -46.875000000  3.090849160e+00  3.187876097e-01
  135.125000000   -46.875000000  3.007896705e+00  3.087061932e-01
  136.125000000   -46.875000000  2.902358099e+00  2.929183791e-01
  137.125000000   -46.875000000  2.931247333e+00  2.990310248e-01
  138.125000000   -46.875000000  3.041020040e+00  3.166663498e-01
  139.125000000   -46.875000000  3.166549180e+00  3.425105659e-01
  140.125000000   -46.875000000  3.225605255e+00  3.546423904e-01
  141.125000000   -46.875000000  2.929022191e+00  3.618983888e-01
  142.125000000   -46.875000000  2.459816321e+00  3.668361128e-01
  143.125000000   -46.875000000  2.244606640e+00  3.660598559e-01
  144.125000000   -46.875000000  2.283565486e+00  3.599085290e-01
  145.125000000   -46.875000000  2.529592201e+00  3.547820021e-01
  146.125000000   -46.875000000  3.223898068e+00  4.094003193e-01
  147.125000000   -46.875000000  4.030696537e+00  4.750573364e-01
  148.125000000   -46.875000000  4.303650451e+00  4.817183060e-01
  149.125000000   -46.875000000  4.282926138e+00  4.335497490e-01
  150.125000000   -46.875000000  4.411917157e+00  3.889109221e-01
  151.125000000   -46.875000000  4.484241876e+00  3.679741106e-01
  152.125000000   -46.875000000  4.122924132e+00  3.775269895e-01
  153.125000000   -46.875000000  3.545875481e+00  3.941482166e-01
  154.125000000   -46.875000000  3.257138389e+00  3.798283216e-01
  155.125000000   -46.875000000  3.287973238e+00  3.381661970e-01
  156.125000000   -46.875000000  3.333110916e+00  3.070500129e-01
  157.125000000   -46.875000000  3.281281640e+00  3.068465924e-01
  158.125000000   -46.875000000  3.218663185e+00  3.154521393e-01
  159.125000000   -46.875000000  3.247973073e+00  3.137016872e-01
  110.125000000   -45.875000000  3.245740184e+00  5.209548485e-01
  111.125000000   -45.875000000  3.844456841e+00  4.553869428e-01
  112.125000000   -45.875000000  4.662216095e+00  4.293920682e-01
  113.125000000   -45.875000000  4.612423205e+00  4.590256705e-01
  114.125000000   -45.875000000  3.608850784e+00  4.483982420e-01
  115.125000000   -45.875000000  2.626293859e+00  4.150735717e-01
  116.125000000   -45.875000000  2.544421846e+00  4.089986618e-01
  117.125000000   -45.875000000  3.169505673e+00  4.547284342e-01
  118.125000000   -45.875000000  3.742549392e+00  4.801117078e-01
  119.125000000   -45.875000000  3.714950979e+00  4.672021745e-01
  120.125000000   -45.875000000  3.353445506e+00  4.298918610e-01
  121.125000000   -45.875000000  3.322791692e+00  3.983043404e-01
  122.125000000   -45.875000000  3.782012408e+00  4.070937994e-01
  123.125000000   -45.875000000  4.321858604e+00  3.881265532e-01
  124.125000000   -45.875000000  4.396064123e+00  3.598830008e-01
  125.125000000   -45.875000000  3.796728462e+00  3.416866534e-01
  126.125000000   -45.875000000  2.974278280e+00  3.294546093e-01
  127.125000000   -45.875000000  2.425502467e+00  3.147185560e-01
  128.125000000   -45.875000000  2.161321229e+00  2.923090067e-01
  129.125000000   -45.875000000  2.154925353e+00  2.914122946e-01
  130.125000000   -45.875000000  2.399809492e+00  3.075470552e-01
  131.125000000   -45.875000000  2.688628797e+00  3.211467905e-01
  132.125000000   -45.875000000  2.818908346e+00  3.148813753e-01
  133.125000000   -45.875000000  2.838234165e+00  3.040652792e-01
  134.125000000   -45.875000000  2.870881238e+00  3.038238255e-01
  135.125000000   -45.875000000  2.869315548e+00  3.047665106e-01
  136.125000000   -45.875000000  2.834284924e+00  2.974628432e-01
  137.125000000   -45.875000000  2.914645981e+00  2.972509946e-01
  138.125000000   -45.875000000  3.015620727e+00  3.054652047e-01
  139.125000000   -45.875000000  3.073327204e+00  3.246212078e-01
  140.125000000   -45.875000000  3.235884783e+00  3.385732730e-01
  141.125000000   -45.875000000  3.400161850e+00  3.499220111e-01
  142.125000000   -45.875000000  3.520217180e+00  3.586856856e-01
  143.125000000   -45.875000000  3.593325116e+00  3.560038811e-01
  144.125000000   -45.875000000  3.457144156e+00  3.539785347e-01
  145.125000000   -45.875000000  3.276090690e+00  3.722307670e-01
  146.125000000   -45.875000000  3.433218108e+00  4.378145837e-01
  147.125000000   -45.875000000  3.791126963e+00  4.880899466e-01
  148.125000000   -45.875000000  3.969095922e+00  4.983167182e-01
  149.125000000   -45.875000000  3.930770202e+00  4.662338683e-01
  150.125000000   -45.875000000  4.025040468e+00  4.232013492e-01
  151.125000000   -45.875000000  4.333809109e+00  4.139534709e-01
  152.125000000   -45.875000000  4.221639760e+00  3.879038620e-01
  153.125000000   -45.875000000  3.671606801e+00  3.729062604e-01
  154.125000000   -45.875000000  3.425074256e+00  3.643881039e-01
  155.125000000   -45.875000000  3.418323371e+00  3.365377633e-01
  156.125000000   -45.875000000  3.301314441e+00  3.165315521e-01
  157.125000000   -45.875000000  3.212314011e+00  3.130390829e-01
  158.125000000   -45.875000000  3.198675529e+00  3.136892918e-01
  159.125000000   -45.875000000  3.180553663e+00  3.108385205e-01
  110.125000000   -44.875000000  3.864496117e+00  4.719885853e-01
  111.125000000   -44.875000000  4.117878508e+00  4.193424733e-01
  112.125000000   -44.875000000  4.605191612e+00  3.843203440e-01
  113.125000000   -44.875000000  4.385123516e+00  3.790066215e-01
  114.125000000   -44.875000000  3.669550596e+00  3.732307357e-01
  115.125000000   -44.875000000  3.067180965e+00  3.681717635e-01
  116.125000000   -44.875000000  2.876265065e+00  3.595468655e-01
  117.125000000   -44.875000000  2.994573847e+00  3.673862685e-01
  118.125000000   -44.875000000  3.172776799e+00  3.801900381e-01
  119.125000000   -44.875000000  3.276607009e+00  3.658215854e-01
  120.125000000   -44.875000000  3.389909067e+00  3.273970138e-01
  121.125000000   -44.875000000  3.469349407e+00  3.099526458e-01
  122.125000000   -44.875000000  3.380312093e+00  3.096158988e-01
  123.125000000   -44.875000000  3.211695847e+00  3.022988847e-01
  124.125000000   -44.875000000  3.051506704e+00  2.978538336e-01
  125.125000000   -44.875000000  2.796286933e+00  3.043606524e-01
  126.125000000   -44.875000000  2.477255168e+00  3.086421278e-01
  127.125000000   -44.875000000  2.192900776e+00  2.999792697e-01
  128.125000000   -44.875000000  1.933625380e+00  2.853993866e-01
  129.125000000   -44.875000000  1.810031812e+00  2.829641990e-01
  130.125000000   -44.875000000  1.908553810e+00  2.898259297e-01
  131.125000000   -44.875000000  2.137280154e+00  2.937868916e-01
  132.125000000   -44.875000000  2.326505049e+00  2.859579625e-01
  133.125000000   -44.875000000  2.415433848e+00  2.749563518e-01
  134.125000000   -44.875000000  2.509078914e+00  2.656551944e-01
  135.125000000   -44.875000000  2.669809104e+00  2.692155045e-01
  136.125000000   -44.875000000  2.878943643e+00  2.855859701e-01
  137.125000000   -44.875000000  3.090446626e+00  3.038520122e-01
  138.125000000   -44.875000000  3.103302169e+00  3.175222345e-01
  139.125000000   -44.875000000  2.963471383e+00  3.237147906e-01
  140.125000000   -44.875000000  3.002417101e+00  3.277474856e-01
  141.125000000   -44.875000000  3.194713646e+00  3.289409023e-01
  142.125000000   -44.875000000  3.357262102e+00  3.286714506e-01
  143.125000000   -44.875000000  3.430775588e+00  3.285123194e-01
  144.125000000   -44.875000000  3.376167612e+00  3.245879011e-01
  145.125000000   -44.875000000  3.339982268e+00  3.453220867e-01
  146.125000000   -44.875000000  3.385995052e+00  3.947637168e-01
  147.125000000   -44.875000000  3.422471666e+00  4.513637096e-01
  148.125000000   -44.875000000  3.405547909e+00  5.031644196e-01
  149.125000000   -44.875000000  3.200681291e+00  5.085903303e-01
  150.125000000   -44.875000000  3.140920768e+00  4.852742433e-01
  151.125000000   -44.875000000  3.551668191e+00  4.466947317e-01
  152.125000000   -44.875000000  3.734259978e+00  3.859602572e-01
  153.125000000   -44.875000000  3.486101910e+00  3.448955232e-01
  154.125000000   -44.875000000  3.445163162e+00  3.391303955e-01
  155.125000000   -44.875000000  3.440642567e+00  3.350332816e-01
  156.125000000   -44.875000000  3.248949787e+00  3.271546786e-01
  157.125000000   -44.875000000  3.159511270e+00  3.210921951e-01
  158.125000000   -44.875000000  3.118097927e+00  3.170399876e-01
  159.125000000   -44.875000000  2.987517049e+00  3.119401803e-01
  110.125000000   -43.875000000  3.724681376e+00  3.997018457e-01
  111.125000000   -43.875000000  3.528637420e+00  3.669934846e-01
  112.125000000   -43.875000000  3.706836010e+00  3.496418752e-01
  113.125000000   -43.875000000  3.673504399e+00  3.208754994e-01
  114.125000000   -43.875000000  3.446109250e+00  2.986197026e-01
  115.125000000   -43.875000000  3.288784152e+00  2.988212968e-01
  116.125000000   -43.875000000  3.270371709e+00  3.040153897e-01
  117.125000000   -43.875000000  3.278099022e+00  3.073809204e-01
  118.125000000   -43.875000000  3.263422894e+00  3.066866081e-01
  119.125000000   -43.875000000  3.319338472e+00  3.006020025e-01
  120.125000000   -43.875000000  3.427148788e+00  2.901473108e-01
  121.125000000   -43.875000000  3.367253079e+00  2.895093942e-01
  122.125000000   -43.875000000  3.083998900e+00  2.861712451e-01
  123.125000000   -43.875000000  2.764746030e+00  2.792365673e-01
  124.125000000   -43.875000000  2.548427356e+00  2.771136707e-01
  125.125000000   -43.875000000  2.408882561e+00  2.846438523e-01
  126.125000000   -43.875000000  2.309277617e+00  2.885733815e-01
  127.125000000   -43.875000000  2.182457117e+00  2.772729399e-01
  128.125000000   -43.875000000  2.036060821e+00  2.647330653e-01
  129.125000000   -43.875000000  2.030267718e+00  2.627185595e-01
  130.125000000   -43.875000000  2.167011426e+00  2.653241219e-01
  131.125000000   -43.875000000  2.313833955e+00  2.652697597e-01
  132.125000000   -43.875000000  2.373297513e+00  2.617768641e-01
  133.125000000   -43.875000000  2.353697691e+00  2.601606912e-01
  134.125000000   -43.875000000  2.381394937e+00  2.534439598e-01
  135.125000000   -43.875000000  2.527081650e+00  2.523268183e-01
  136.125000000   -43.875000000  2.799252594e+00  2.693172152e-01
  137.125000000   -43.875000000  3.077594651e+00  2.976558812e-01
  138.125000000   -43.875000000  3.091922701e+00  3.266145461e-01
  139.125000000   -43.875000000  2.894709010e+00  3.445453833e-01
  140.125000000   -43.875000000  2.782756352e+00  3.471183736e-01
  141.125000000   -43.875000000  2.779256198e+00  3.321685163e-01
  142.125000000   -43.875000000  2.786556270e+00  3.143053572e-01
  143.125000000   -43.875000000  2.792985558e+00  2.966357949e-01
  144.125000000   -43.875000000  2.797778158e+00  2.843182373e-01
  145.125000000   -43.875000000  2.890885924e+00  3.183081940e-01
  146.125000000   -43.875000000  2.987306029e+00  3.737654165e-01
  147.125000000   -43.875000000  2.901592485e+00  4.114955501e-01
  148.125000000   -43.875000000  2.754275351e+00  4.604207240e-01
  149.125000000   -43.875000000  2.543470097e+00  5.203403434e-01
  150.125000000   -43.875000000  2.562662446e+00  5.083468804e-01
  151.125000000   -43.875000000  3.086371796e+00  4.295110317e-01
  152.125000000   -43.875000000  3.487325801e+00  3.773630346e-01
  153.125000000   -43.875000000  3.501382614e+00  3.586265655e-01
  154.125000000   -43.875000000  3.460379368e+00  3.508201288e-01
  155.125000000   -43.875000000  3.366908361e+00  3.458690129e-01
  156.125000000   -43.875000000  3.284377931e+00  3.305353829e-01
  157.125000000   -43.875000000  3.284062614e+00  3.229824443e-01
  158.125000000   -43.875000000  3.187811629e+00  3.201183984e-01
  159.125000000   -43.875000000  3.008281646e+00  3.164624863e-01
  110.125000000   -42.875000000  3.561499384e+00  3.699338950e-01
  111.125000000   -42.875000000  3.262605046e+00  3.502459444e-01
  112.125000000   -42.875000000  3.204252956e+00  3.419025765e-01
  113.125000000   -42.875000000  3.298128828e+00  3.234046621e-01
  114.125000000   -42.875000000  3.384707513e+00  3.015923462e-01
  115.125000000   -42.875000000  3.438448698e+00  2.901653792e-01
  116.125000000   -42.875000000  3.442267085e+00  2.816022928e-01
  117.125000000   -42.875000000  3.376390316e+00  2.793555546e-01
  118.125000000   -42.875000000  3.312783990e+00  2.836908888e-01
  119.125000000   -42.875000000  3.340561960e+00  2.845558633e-01
  120.125000000   -42.875000000  3.340992198e+00  2.865711529e-01
  121.125000000   -42.875000000  3.132150749e+00  2.851330612e-01
  122.125000000   -42.875000000  2.785978722e+00  2.749731191e-01
  123.125000000   -42.875000000  2.494247238e+00  2.705942444e-01
  124.125000000   -42.875000000  2.355498957e+00  2.749030935e-01
  125.125000000   -42.875000000  2.350833536e+00  2.821194262e-01
  126.125000000   -42.875000000  2.416262804e+00  2.828593908e-01
  127.125000000   -42.875000000  2.408128154e+00  2.718158892e-01
  128.125000000   -42.875000000  2.366939427e+00  2.617808322e-01
  129.125000000   -42.875000000  2.441670683e+00  2.603917383e-01
  130.125000000   -42.875000000  2.530007209e+00  2.636933899e-01
  131.125000000   -42.875000000  2.512710534e+00  2.679329311e-01
  132.125000000   -42.875000000  2.448781664e+00  2.727752002e-01
  133.125000000   -42.875000000  2.438638957e+00  2.787137269e-01
  134.125000000   -42.875000000  2.500225875e+00  2.757051769e-01
  135.125000000   -42.875000000  2.550504659e+00  2.692327319e-01
  136.125000000   -42.875000000  2.643169029e+00  2.771055879e-01
  137.125000000   -42.875000000  2.816503172e+00  3.002378714e-01
  138.125000000   -42.875000000  2.854163891e+00  3.330392519e-01
  139.125000000   -42.875000000  2.721139767e+00  3.568309574e-01
  140.125000000   -42.875000000  2.580841170e+00  3.497363244e-01
  141.125000000   -42.875000000  2.509598179e+00  3.033693851e-01
  142.125000000   -42.875000000  2.523052499e+00  2.520473522e-01
  143.125000000   -42.875000000  2.540186325e+00  2.436119285e-01
  144.125000000   -42.875000000  2.533586161e+00  2.986585660e-01
  145.125000000   -42.875000000  2.612167262e+00  3.754009387e-01
  149.125000000   -42.875000000  2.676627673e+00  5.213887379e-01
  150.125000000   -42.875000000  3.136825353e+00  5.353211154e-01
  151.125000000   -42.875000000  3.689693293e+00  4.721420489e-01
  152.125000000   -42.875000000  3.912582618e+00  4.289350932e-01
  153.125000000   -42.875000000  3.822236437e+00  4.011948414e-01
  154.125000000   -42.875000000  3.532943833e+00  3.810749068e-01
  155.125000000   -42.875000000  3.213545126e+00  3.614151157e-01
  156.125000000   -42.875000000  3.221632135e+00  3.295987280e-01
  157.125000000   -42.875000000  3.390442431e+00  3.166579732e-01
  158.125000000   -42.875000000  3.363987953e+00  3.132614297e-01
  159.125000000   -42.875000000  3.246758482e+00  3.085727794e-01
  110.125000000   -41.875000000  3.423835557e+00  3.761324561e-01
  111.125000000   -41.875000000  3.174274853e+00  3.705491597e-01
  112.125000000   -41.875000000  2.984031823e+00  3.603036128e-01
  113.125000000   -41.875000000  3.016416495e+00  3.508066097e-01
  114.125000000   -41.875000000  3.149389172e+00  3.378291383e-01
  115.125000000   -41.875000000  3.283231592e+00  3.205354230e-01
  116.125000000   -41.875000000  3.261538557e+00  2.993269248e-01
  117.125000000   -41.875000000  3.127602680e+00  2.893903400e-01
  118.125000000   -41.875000000  3.049996609e+00  2.888754947e-01
  119.125000000   -41.875000000  3.077998715e+00  2.825080492e-01
  120.125000000   -41.875000000  3.104659234e+00  2.857281731e-01
  121.125000000   -41.875000000  2.985366238e+00  2.798242657e-01
  122.125000000   -41.875000000  2.742323302e+00  2.563581900e-01
  123.125000000   -41.875000000  2.554729370e+00  2.497856092e-01
  124.125000000   -41.875000000  2.535990162e+00  2.668987583e-01
  125.125000000   -41.875000000  2.572810810e+00  2.814320138e-01
  126.125000000   -41.875000000  2.567995037e+00  2.817241656e-01
  127.125000000   -41.875000000  2.481980000e+00  2.781338425e-01
  128.125000000   -41.875000000  2.424426304e+00  2.787251866e-01
  129.125000000   -41.875000000  2.504226579e+00  2.795564201e-01
  130.125000000   -41.875000000  2.568775812e+00  2.836296713e-01
  131.125000000   -41.875000000  2.499097028e+00  2.904089665e-01
  132.125000000   -41.875000000  2.417999341e+00  2.956321109e-01
  133.125000000   -41.875000000  2.442325564e+00  2.940786155e-01
  134.125000000   -41.875000000  2.516786924e+00  2.865460022e-01
  135.125000000   -41.875000000  2.525286022e+00  2.837370739e-01
  136.125000000   -41.875000000  2.515324353e+00  2.950062403e-01
  137.125000000   -41.875000000  2.616381283e+00  3.135566057e-01
  138.125000000   -41.875000000  2.726388442e+00  3.312161910e-01
  139.125000000   -41.875000000  2.732946639e+00  3.333683823e-01
  140.125000000   -41.875000000  2.640440790e+00  3.038025992e-01
  141.125000000   -41.875000000  2.530601546e+00  2.464576735e-01
  142.125000000   -41.875000000  2.498973148e+00  2.242633879e-01
  143.125000000   -41.875000000  2.465081497e+00  2.974118701e-01
  144.125000000   -41.875000000  2.439409838e+00  4.091860661e-01
  149.125000000   -41.875000000  3.036605631e+00  5.143675122e-01
  150.125000000   -41.875000000  3.654463293e+00  5.902055328e-01
  151.125000000   -41.875000000  4.129138439e+00  6.045723706e-01
  152.125000000   -41.875000000  4.263889530e+00  6.020037576e-01
  153.125000000   -41.875000000  4.204692729e+00  5.329187772e-01
  154.125000000   -41.875000000  3.933563540e+00  4.517156511e-01
  155.125000000   -41.875000000  3.501391417e+00  3.914627560e-01
  156.125000000   -41.875000000  3.385737656e+00  3.494244647e-01
  157.125000000   -41.875000000  3.554389026e+00  3.372253997e-01
  158.125000000   -41.875000000  3.507576365e+00  3.274418588e-01
  159.125000000   -41.875000000  3.298060521e+00  3.094562977e-01
  110.125000000   -40.875000000  3.125362191e+00  3.908605999e-01
  111.125000000   -40.875000000  2.801760890e+00  3.944014191e-01
  112.125000000   -40.875000000  2.498325592e+00  3.801339850e-01
  113.125000000   -40.875000000  2.396538747e+00  3.679895794e-01
  114.125000000   -40.875000000  2.534280158e+00  3.637915793e-01
  115.125000000   -40.875000000  2.871195363e+00  3.502671659e-01
  116.125000000   -40.875000000  3.055421441e+00  3.298783526e-01
  117.125000000   -40.875000000  3.039463817e+00  3.184285375e-01
  118.125000000   -40.875000000  3.061826735e+00  3.068721389e-01
  119.125000000   -40.875000000  3.151156576e+00  2.893543355e-01
  120.125000000   -40.875000000  3.216202051e+00  2.914559375e-01
  121.125000000   -40.875000000  3.199702749e+00  2.884351079e-01
  122.125000000   -40.875000000  3.080019223e+00  2.635054858e-01
  123.125000000   -40.875000000  2.965097186e+00  2.531148809e-01
  124.125000000   -40.875000000  2.978193941e+00  2.701454823e-01
  125.125000000   -40.875000000  2.949619243e+00  2.826932284e-01
  126.125000000   -40.875000000  2.777754997e+00  2.838790549e-01
  127.125000000   -40.875000000  2.558210067e+00  2.862591839e-01
  128.125000000   -40.875000000  2.410129081e+00  2.917816542e-01
  129.125000000   -40.875000000  2.407252286e+00  2.946413657e-01
  130.125000000   -40.875000000  2.440806429e+00  2.967407418e-01
  131.125000000   -40.875000000  2.397512853e+00  3.000987361e-01
  132.125000000   -40.875000000  2.356874604e+00  2.966136388e-01
  133.125000000   -40.875000000  2.348442798e+00  2.814156427e-01
  134.125000000   -40.875000000  2.356422553e+00  2.726799625e-01
  135.125000000   -40.875000000  2.427136312e+00  2.821740771e-01
  136.125000000   -40.875000000  2.504256502e+00  3.005413899e-01
  137.125000000   -40.875000000  2.592404041e+00  3.150866377e-01
  138.125000000   -40.875000000  2.709031908e+00  3.139744143e-01
  139.125000000   -40.875000000  2.758316982e+00  2.908637203e-01
  140.125000000   -40.875000000  2.650948872e+00  2.497227748e-01
  141.125000000   -40.875000000  2.491866902e+00  2.252113761e-01
  142.125000000   -40.875000000  2.411242722e+00  2.884963556e-01
  143.125000000   -40.875000000  2.370099352e+00  4.288122031e-01
  144.125000000   -40.875000000  2.375386612e+00  5.562345219e-01
  146.125000000   -40.875000000  2.670395513e+00  6.557505779e-01
  149.125000000   -40.875000000  2.916411937e+00  5.388621806e-01
  150.125000000   -40.875000000  3.667802074e+00  6.610410067e-01
  151.125000000   -40.875000000  4.736584341e+00  7.331398556e-01
  152.125000000   -40.875000000  5.480732224e+00  7.688077625e-01
  153.125000000   -40.875000000  5.565969061e+00  7.002027049e-01
  154.125000000   -40.875000000  5.212270773e+00  5.829811721e-01
  155.125000000   -40.875000000  4.545565657e+00  4.774691438e-01
  156.125000000   -40.875000000  4.032035816e+00  4.185062511e-01
  157.125000000   -40.875000000  3.958514517e+00  3.998206109e-01
  158.125000000   -40.875000000  3.834006208e+00  3.836914485e-01
  159.125000000   -40.875000000  3.473705983e+00  3.495499116e-01
  110.125000000   -39.875000000  3.444222514e+00  4.103616445e-01
  111.125000000   -39.875000000  3.094852045e+00  4.153115959e-01
  112.125000000   -39.875000000  2.722978663e+00  3.992645221e-01
  113.125000000   -39.875000000  2.489771296e+00  3.775606984e-01
  114.125000000   -39.875000000  2.606783767e+00  3.773190923e-01
  115.125000000   -39.875000000  3.040814819e+00  3.811221190e-01
  116.125000000   -39.875000000  3.343044331e+00  3.725824177e-01
  117.125000000   -39.875000000  3.383301252e+00  3.639776595e-01
  118.125000000   -39.875000000  3.417040224e+00  3.478350882e-01
  119.125000000   -39.875000000  3.467335765e+00  3.242275756e-01
  120.125000000   -39.875000000  3.425204505e+00  3.197062844e-01
  121.125000000   -39.875000000  3.331611426e+00  3.248587257e-01
  122.125000000   -39.875000000  3.234648960e+00  3.132301843e-01
  123.125000000   -39.875000000  3.143180017e+00  3.008065434e-01
  124.125000000   -39.875000000  3.138418656e+00  3.007655122e-01
  125.125000000   -39.875000000  3.101485322e+00  3.033383685e-01
  126.125000000   -39.875000000  2.901074770e+00  3.040399050e-01
  127.125000000   -39.875000000  2.644602702e+00  3.033800709e-01
  128.125000000   -39.875000000  2.464612877e+00  3.035421704e-01
  129.125000000   -39.875000000  2.407799472e+00  3.018471679e-01
  130.125000000   -39.875000000  2.364028246e+00  2.994117483e-01
  131.125000000   -39.875000000  2.272187939e+00  2.969284394e-01
  132.125000000   -39.875000000  2.259502236e+00  2.905588811e-01
  133.125000000   -39.875000000  2.259053468e+00  2.818121074e-01
  134.125000000   -39.875000000  2.240460808e+00  2.796859335e-01
  135.125000000   -39.875000000  2.365189277e+00  2.921511615e-01
  136.125000000   -39.875000000  2.506786047e+00  3.082482878e-01
  137.125000000   -39.875000000  2.551903532e+00  3.096594517e-01
  138.125000000   -39.875000000  2.537885421e+00  2.901915654e-01
  139.125000000   -39.875000000  2.439836253e+00  2.565022698e-01
  140.125000000   -39.875000000  2.299443217e+00  2.373755050e-01
  141.125000000   -39.875000000  2.276771003e+00  2.836944845e-01
  142.125000000   -39.875000000  2.345315589e+00  4.131676018e-01
  143.125000000   -39.875000000  2.403626317e+00  5.755957808e-01
  145.125000000   -39.875000000  2.580858394e+00  7.249466569e-01
  146.125000000   -39.875000000  2.766452816e+00  7.338061059e-01
  149.125000000   -39.875000000  2.725246556e+00  5.543483639e-01
  150.125000000   -39.875000000  3.871003433e+00  6.939774680e-01
  151.125000000   -39.875000000  6.109299495e+00  7.722267949e-01
  152.125000000   -39.875000000  7.762231592e+00  7.998334117e-01
  153.125000000   -39.875000000  7.596799411e+00  7.804185650e-01
  154.125000000   -39.875000000  6.476812203e+00  7.003543668e-01
  155.125000000   -39.875000000  5.303768171e+00  5.760023176e-01
  156.125000000   -39.875000000  4.571037126e+00  4.869400428e-01
  157.125000000   -39.875000000  4.457238642e+00  4.461485012e-01
  158.125000000   -39.875000000  4.415287471e+00  4.326794205e-01
  159.125000000   -39.875000000  4.044834844e+00  4.048113969e-01
  110.125000000   -38.875000000  4.618001555e+00  4.423963666e-01
  111.125000000   -38.875000000  4.485727399e+00  4.468365397e-01
  112.125000000   -38.875000000  4.071254119e+00  4.281148242e-01
  113.125000000   -38.875000000  3.635289177e+00  3.980349037e-01
  114.125000000   -38.875000000  3.546640890e+00  4.015504240e-01
  115.125000000   -38.875000000  3.706287009e+00  4.299090570e-01
  116.125000000   -38.875000000  3.727362179e+00  4.427055404e-01
  117.125000000   -38.875000000  3.630496582e+00  4.386086897e-01
  118.125000000   -38.875000000  3.598690576e+00  4.126883528e-01
  119.125000000   -38.875000000  3.489808888e+00  3.829787503e-01
  120.125000000   -38.875000000  3.212573594e+00  3.687060267e-01
  121.125000000   -38.875000000  2.963050300e+00  3.807169821e-01
  122.125000000   -38.875000000  2.932923169e+00  3.771909505e-01
  123.125000000   -38.875000000  2.943088435e+00  3.608112700e-01
  124.125000000   -38.875000000  2.873400300e+00  3.443380658e-01
  125.125000000   -38.875000000  2.798454978e+00  3.370289208e-01
  126.125000000   -38.875000000  2.679000161e+00  3.303446536e-01
  127.125000000   -38.875000000  2.503731474e+00  3.192929332e-01
  128.125000000   -38.875000000  2.389502691e+00  3.123141403e-01
  129.125000000   -38.875000000  2.396626677e+00  3.039943682e-01
  130.125000000   -38.875000000  2.365015771e+00  2.946649983e-01
  131.125000000   -38.875000000  2.263511137e+00  2.924196089e-01
  132.125000000   -38.875000000  2.315799177e+00  2.952583671e-01
  133.125000000   -38.875000000  2.409821094e+00  2.935155309e-01
  134.125000000   -38.875000000  2.375688332e+00  2.852284689e-01
  135.125000000   -38.875000000  2.358315561e+00  2.867732088e-01
  136.125000000   -38.875000000  2.408441239e+00  2.880452525e-01
  137.125000000   -38.875000000  2.485248101e+00  2.666596135e-01
  138.125000000   -38.875000000  2.427362235e+00  2.369995266e-01
  139.125000000   -38.875000000  2.197404132e+00  2.463002242e-01
  140.125000000   -38.875000000  2.078938157e+00  3.176104954e-01
  141.125000000   -38.875000000  2.221229482e+00  4.189515476e-01
  142.125000000   -38.875000000  2.429802466e+00  5.499571213e-01
  144.125000000   -38.875000000  2.640187622e+00  7.697887841e-01
  145.125000000   -38.875000000  2.798665541e+00  7.883527366e-01
  147.125000000   -38.875000000  2.877491359e+00  7.000420912e-01
  148.125000000   -38.875000000  2.668254859e+00  5.524778551e-01
  149.125000000   -38.875000000  2.795228702e+00  5.225141392e-01
  150.125000000   -38.875000000  3.984155848e+00  6.505853774e-01
  151.125000000   -38.875000000  6.386345638e+00  8.094558089e-01
  152.125000000   -38.875000000  8.011275456e+00  8.720965341e-01
  153.125000000   -38.875000000  7.431218263e+00  8.087001916e-01
  154.125000000   -38.875000000  5.939962510e+00  7.358212324e-01
  155.125000000   -38.875000000  4.928294395e+00  6.407581392e-01
  156.125000000   -38.875000000  4.726220194e+00  5.304579762e-01
  157.125000000   -38.875000000  4.924519305e+00  4.702165713e-01
  158.125000000   -38.875000000  4.831546176e+00  4.610088783e-01
  159.125000000   -38.875000000  4.409352673e+00  4.519055553e-01
  110.125000000   -37.875000000  5.375984830e+00  4.481069465e-01
  111.125000000   -37.875000000  5.484836994e+00  4.545231863e-01
  112.125000000   -37.875000000  4.967429314e+00  4.537904541e-01
  113.125000000   -37.875000000  4.293339602e+00  4.408813013e-01
  114.125000000   -37.875000000  4.020530057e+00  4.573298757e-01
  115.125000000   -37.875000000  3.946511250e+00  4.936656858e-01
  116.125000000   -37.875000000  3.658870941e+00  5.190285681e-01
  117.125000000   -37.875000000  3.401038119e+00  5.251298245e-01
  118.125000000   -37.875000000  3.392103330e+00  5.039712794e-01
  119.125000000   -37.875000000  3.335594278e+00  4.680251201e-01
  120.125000000   -37.875000000  3.039459061e+00  4.420930227e-01
  121.125000000   -37.875000000  2.737318626e+00  4.465403611e-01
  122.125000000   -37.875000000  2.783436396e+00  4.373774581e-01
  123.125000000   -37.875000000  2.874347763e+00  4.141793736e-01
  124.125000000   -37.875000000  2.685922404e+00  3.871446775e-01
  125.125000000   -37.875000000  2.522521272e+00  3.721433279e-01
  126.125000000   -37.875000000  2.520813032e+00  3.604759674e-01
  127.125000000   -37.875000000  2.463394327e+00  3.464770136e-01
  128.125000000   -37.875000000  2.390814627e+00  3.376652323e-01
  129.125000000   -37.875000000  2.438901130e+00  3.249040402e-01
  130.125000000   -37.875000000  2.444514782e+00  3.053545982e-01
  131.125000000   -37.875000000  2.347228589e+00  2.950259090e-01
  132.125000000   -37.875000000  2.384364395e+00  2.914041094e-01
  133.125000000   -37.875000000  2.511013765e+00  2.785572441e-01
  134.125000000   -37.875000000  2.488768256e+00  2.647051260e-01
  135.125000000   -37.875000000  2.356081559e+00  2.733098249e-01
  136.125000000   -37.875000000  2.314314258e+00  2.852506020e-01
  137.125000000   -37.875000000  2.440754827e+00  2.955744754e-01
  138.125000000   -37.875000000  2.465493494e+00  3.476201830e-01
  139.125000000   -37.875000000  2.280255251e+00  4.341976901e-01
  150.125000000   -37.875000000  3.494324209e+00  5.976663573e-01
  151.125000000   -37.875000000  4.761030875e+00  8.607839230e-01
  152.125000000   -37.875000000  5.386730822e+00  9.982731120e-01
  153.125000000   -37.875000000  4.725901585e+00  8.697889354e-01
  154.125000000   -37.875000000  4.013160986e+00  7.557165452e-01
  155.125000000   -37.875000000  4.078532535e+00  7.018775078e-01
  156.125000000   -37.875000000  4.793616558e+00  6.078903061e-01
  157.125000000   -37.875000000  5.393792106e+00  5.368450083e-01
  158.125000000   -37.875000000  5.141426078e+00  5.218025621e-01
  159.125000000   -37.875000000  4.656647747e+00  5.086039142e-01
  110.125000000   -36.875000000  5.161659327e+00  4.968496828e-01
  111.125000000   -36.875000000  5.168275469e+00  5.394190465e-01
  112.125000000   -36.875000000  4.609209553e+00  5.801770947e-01
  113.125000000   -36.875000000  3.974207161e+00  5.877196779e-01
  114.125000000   -36.875000000  3.783587922e+00  6.034802844e-01
  115.125000000   -36.875000000  3.712105802e+00  6.229997300e-01
  116.125000000   -36.875000000  3.317259659e+00  6.109273687e-01
  117.125000000   -36.875000000  2.965287667e+00  5.863141401e-01
  118.125000000   -36.875000000  3.023911955e+00  5.705443223e-01
  119.125000000   -36.875000000  3.262783061e+00  5.432409257e-01
  120.125000000   -36.875000000  3.287613078e+00  5.148571291e-01
  121.125000000   -36.875000000  3.080230680e+00  4.971173903e-01
  122.125000000   -36.875000000  3.023202059e+00  4.708902044e-01
  123.125000000   -36.875000000  2.987278867e+00  4.407064703e-01
  124.125000000   -36.875000000  2.726857506e+00  4.133949443e-01
  125.125000000   -36.875000000  2.572474157e+00  4.028454712e-01
  126.125000000   -36.875000000  2.625420466e+00  4.047258272e-01
  127.125000000   -36.875000000  2.530823021e+00  4.019932744e-01
  128.125000000   -36.875000000  2.373113996e+00  3.939644893e-01
  129.125000000   -36.875000000  2.389234432e+00  3.734057897e-01
  130.125000000   -36.875000000  2.450596209e+00  3.371546870e-01
  131.125000000   -36.875000000  2.395959827e+00  3.031601399e-01
  132.125000000   -36.875000000  2.321629270e+00  2.714097638e-01
  133.125000000   -36.875000000  2.329047701e+00  2.421871136e-01
  134.125000000   -36.875000000  2.320908754e+00  2.523382020e-01
  135.125000000   -36.875000000  2.280052402e+00  3.266499713e-01
  136.125000000   -36.875000000  2.343887070e+00  4.347330725e-01
  137.125000000   -36.875000000  2.574317356e+00  5.518592192e-01
  138.125000000   -36.875000000  2.732183827e+00  6.555535008e-01
  139.125000000   -36.875000000  2.616603776e+00  7.195639382e-01
  151.125000000   -36.875000000  3.485697639e+00  1.021188927e+00
  152.125000000   -36.875000000  3.731741135e+00  1.171404455e+00
  153.125000000   -36.875000000  3.242262227e+00  1.001070495e+00
  154.125000000   -36.875000000  3.104323431e+00  8.052293761e-01
  155.125000000   -36.875000000  3.846420018e+00  7.635477345e-01
  156.125000000   -36.875000000  5.097712584e+00  7.014828394e-01
  157.125000000   -36.875000000  6.155875478e+00  6.445224735e-01
  158.125000000   -36.875000000  6.140809058e+00  6.192155770e-01
  159.125000000   -36.875000000  5.653886985e+00  5.938772014e-01
  110.125000000   -35.875000000  4.591882063e+00  5.247933404e-01
  111.125000000   -35.875000000  4.357812847e+00  6.039215108e-01
  112.125000000   -35.875000000  3.815282658e+00  6.678937423e-01
  113.125000000   -35.875000000  3.364881861e+00  6.627538035e-01
  114.125000000   -35.875000000  3.371902348e+00  6.568180148e-01
  115.125000000   -35.875000000  3.418621711e+00  6.667801837e-01
  116.125000000   -35.875000000  3.073909747e+00  6.542907444e-01
  117.125000000   -35.875000000  2.713057681e+00  6.318951027e-01
  118.125000000   -35.875000000  2.813858683e+00  6.129905248e-01
  119.125000000   -35.875000000  3.245955385e+00  5.738454365e-01
  120.125000000   -35.875000000  3.500652381e+00  5.293468451e-01
  121.125000000   -35.875000000  3.341572433e+00  4.941936488e-01
  122.125000000   -35.875000000  3.124708638e+00  4.597211567e-01
  123.125000000   -35.875000000  2.966610685e+00  4.357724026e-01
  124.125000000   -35.875000000  2.702544096e+00  4.254780406e-01
  125.125000000   -35.875000000  2.533227810e+00  4.284418896e-01
  126.125000000   -35.875000000  2.536600945e+00  4.371449791e-01
  127.125000000   -35.875000000  2.387349532e+00  4.318880457e-01
  128.125000000   -35.875000000  2.170859399e+00  4.100936413e-01
  129.125000000   -35.875000000  2.136403817e+00  3.723126637e-01
  130.125000000   -35.875000000  2.227721340e+00  3.224461728e-01
  131.125000000   -35.875000000  2.267889730e+00  2.741644211e-01
  132.125000000   -35.875000000  2.204252504e+00  2.441108701e-01
  133.125000000   -35.875000000  2.156397002e+00  2.750032771e-01
  134.125000000   -35.875000000  2.177755685e+00  3.817565375e-01
  135.125000000   -35.875000000  2.284031938e+00  5.348037817e-01
  136.125000000   -35.875000000  2.576307838e+00  7.008817068e-01
  151.125000000   -35.875000000  4.026525369e+00  1.042466677e+00
  152.125000000   -35.875000000  4.933603297e+00  1.204745845e+00
  153.125000000   -35.875000000  4.687448247e+00  1.118136176e+00
  154.125000000   -35.875000000  4.139183269e+00  9.367515295e-01
  155.125000000   -35.875000000  4.638897641e+00  8.636342422e-01
  156.125000000   -35.875000000  5.976892150e+00  8.457657031e-01
  157.125000000   -35.875000000  7.252131467e+00  8.163621209e-01
  158.125000000   -35.875000000  7.363036089e+00  7.306138034e-01
  159.125000000   -35.875000000  6.518573457e+00  6.675718159e-01
  110.125000000   -34.875000000  4.110692892e+00  5.368119892e-01
  111.125000000   -34.875000000  3.919019906e+00  6.138015564e-01
  112.125000000   -34.875000000  3.429445982e+00  6.383908208e-01
  113.125000000   -34.875000000  2.962755497e+00  6.314814494e-01
  114.125000000   -34.875000000  2.923895328e+00  6.879548749e-01
  115.125000000   -34.875000000  3.074098453e+00  7.636749099e-01
  119.125000000   -34.875000000  3.251116302e+00  6.564856115e-01
  120.125000000   -34.875000000  3.463175700e+00  5.906006785e-01
  121.125000000   -34.875000000  3.256628314e+00  5.447700915e-01
  122.125000000   -34.875000000  3.009417093e+00  5.248436335e-01
  123.125000000   -34.875000000  2.895961730e+00  5.235207475e-01
  124.125000000   -34.875000000  2.660436676e+00  5.146293440e-01
  125.125000000   -34.875000000  2.413620873e+00  4.798665096e-01
  126.125000000   -34.875000000  2.380565318e+00  4.407653976e-01
  127.125000000   -34.875000000  2.355925583e+00  4.015212499e-01
  128.125000000   -34.875000000  2.214825538e+00  3.585942149e-01
  129.125000000   -34.875000000  2.118272654e+00  3.190673516e-01
  130.125000000   -34.875000000  2.160403618e+00  2.900217819e-01
  131.125000000   -34.875000000  2.247421329e+00  2.920592089e-01
  132.125000000   -34.875000000  2.283817927e+00  3.577119897e-01
  133.125000000   -34.875000000  2.313800463e+00  4.891080348e-01
  134.125000000   -34.875000000  2.390271521e+00  6.326086154e-01
  138.125000000   -34.875000000  4.836407672e+00  9.373192204e-01
  151.125000000   -34.875000000  5.095383713e+00  9.330465504e-01
  152.125000000   -34.875000000  6.531270927e+00  1.149373294e+00
  153.125000000   -34.875000000  6.523315007e+00  1.211514261e+00
  154.125000000   -34.875000000  5.607334325e+00  1.135970228e+00
  155.125000000   -34.875000000  5.849595466e+00  1.053423596e+00
  156.125000000   -34.875000000  7.100998169e+00  1.064511192e+00
  157.125000000   -34.875000000  7.885485952e+00  1.056005685e+00
  158.125000000   -34.875000000  7.181663086e+00  9.208784615e-01
  159.125000000   -34.875000000  5.536643987e+00  7.760683198e-01
  110.125000000   -33.875000000  3.961250475e+00  5.407943387e-01
  111.125000000   -33.875000000  3.993216097e+00  5.996016683e-01
  112.125000000   -33.875000000  3.615908542e+00  6.161951590e-01
  113.125000000   -33.875000000  2.988322818e+00  6.532883883e-01
  114.125000000   -33.875000000  2.677577185e+00  7.756644004e-01
  125.125000000   -33.875000000  2.451946336e+00  6.186679833e-01
  126.125000000   -33.875000000  2.388745505e+00  5.198838600e-01
  127.125000000   -33.875000000  2.454029919e+00  4.503423185e-01
  128.125000000   -33.875000000  2.406754247e+00  4.250171613e-01
  129.125000000   -33.875000000  2.331950565e+00  4.285835145e-01
  130.125000000   -33.875000000  2.381261144e+00  4.460749328e-01
  131.125000000   -33.875000000  2.480924089e+00  4.924978968e-01
  132.125000000   -33.875000000  2.586765007e+00  5.931798511e-01
  133.125000000   -33.875000000  2.706070356e+00  7.295257959e-01
  152.125000000   -33.875000000  6.419523434e+00  1.045568655e+00
  153.125000000   -33.875000000  6.593841277e+00  1.234743498e+00
  154.125000000   -33.875000000  6.105945385e+00  1.321867973e+00
  155.125000000   -33.875000000  6.424611021e+00  1.292831038e+00
  156.125000000   -33.875000000  7.274708894e+00  1.315692849e+00
  157.125000000   -33.875000000  7.255174281e+00  1.235391194e+00
  158.125000000   -33.875000000  5.716301189e+00  1.059146109e+00
  159.125000000   -33.875000000  3.659413159e+00  9.202862646e-01
  110.125000000   -32.875000000  3.763611192e+00  4.611878506e-01
  111.125000000   -32.875000000  3.732602554e+00  4.756521328e-01
  112.125000000   -32.875000000  3.261010761e+00  5.538346001e-01
  113.125000000   -32.875000000  2.557960778e+00  7.151076265e-01
  114.125000000   -32.875000000  2.335535822e+00  8.862327759e-01
  115.125000000   -32.875000000  2.561620641e+00  1.020667701e+00
  126.125000000   -32.875000000  2.455793847e+00  7.059376861e-01
  127.125000000   -32.875000000  2.494450498e+00  6.633249597e-01
  128.125000000   -32.875000000  2.483902969e+00  6.679738000e-01
  129.125000000   -32.875000000  2.490192510e+00  6.865662074e-01
  130.125000000   -32.875000000  2.590736880e+00  7.020811800e-01
  131.125000000   -32.875000000  2.718297609e+00  7.328509604e-01
  132.125000000   -32.875000000  2.919477324e+00  7.970716639e-01
  133.125000000   -32.875000000  3.127275123e+00  8.809256563e-01
  153.125000000   -32.875000000  5.924472301e+00  1.104574755e+00
  154.125000000   -32.875000000  6.344432678e+00  1.291484581e+00
  155.125000000   -32.875000000  6.844631609e+00  1.366853196e+00
  156.125000000   -32.875000000  7.084884742e+00  1.459339390e+00
  157.125000000   -32.875000000  6.524748847e+00  1.331692834e+00
  158.125000000   -32.875000000  4.952456434e+00  1.113793332e+00
  159.125000000   -32.875000000  3.105921180e+00  9.530882678e-01
  110.125000000   -31.875000000  3.032800575e+00  4.461247620e-01
  111.125000000   -31.875000000  2.553517088e+00  4.973210196e-01
  112.125000000   -31.875000000  1.817686312e+00  6.475395239e-01
  113.125000000   -31.875000000  1.281866181e+00  8.232911097e-01
  114.125000000   -31.875000000  1.524228070e+00  9.724394839e-01
  115.125000000   -31.875000000  2.173383928e+00  1.069978366e+00
  129.125000000   -31.875000000  2.597515956e+00  8.717695722e-01
  130.125000000   -31.875000000  2.712254051e+00  8.781193355e-01
  131.125000000   -31.875000000  2.849736520e+00  8.901720754e-01
  153.125000000   -31.875000000  5.635763263e+00  9.892082949e-01
  154.125000000   -31.875000000  6.657888791e+00  1.170427639e+00
  155.125000000   -31.875000000  7.302399163e+00  1.264636306e+00
  156.125000000   -31.875000000  7.123890245e+00  1.346045354e+00
  157.125000000   -31.875000000  6.196030362e+00  1.272957096e+00
  158.125000000   -31.875000000  4.899132240e+00  1.127568449e+00
  110.125000000   -30.875000000  2.529626973e+00  5.565865372e-01
  111.125000000   -30.875000000  1.877825464e+00  6.430739114e-01
  112.125000000   -30.875000000  1.312552675e+00  7.899488192e-01
  113.125000000   -30.875000000  1.142627900e+00  9.098953118e-01
  114.125000000   -30.875000000  1.441782514e+00  1.012195310e+00
  154.125000000   -30.875000000  6.076908007e+00  1.050650836e+00
  155.125000000   -30.875000000  6.529102462e+00  1.133203275e+00
  156.125000000   -30.875000000  6.093584782e+00  1.192603386e+00
  157.125000000   -30.875000000  4.997151825e+00  1.129215689e+00
  158.125000000   -30.875000000  4.052105480e+00  1.022095156e+00
  159.125000000   -30.875000000  3.651878937e+00  8.789839547e-01
  110.125000000   -29.875000000  2.698512447e+00  6.606007462e-01
  111.125000000   -29.875000000  2.572696796e+00  7.345601609e-01
  112.125000000   -29.875000000  2.560889321e+00  8.677982135e-01
  113.125000000   -29.875000000  2.515372769e+00  9.734147665e-01
  114.125000000   -29.875000000  2.372000271e+00  1.060463709e+00
  154.125000000   -29.875000000  4.466162282e+00  8.385664996e-01
  155.125000000   -29.875000000  4.368374294e+00  9.440934047e-01
  156.125000000   -29.875000000  3.687501513e+00  1.033130757e+00
  157.125000000   -29.875000000  2.791521769e+00  9.780957936e-01
  158.125000000   -29.875000000  2.368981058e+00  8.965591883e-01
  159.125000000   -29.875000000  2.683512142e+00  8.062288825e-01
  110.125000000   -28.875000000  3.216175465e+00  6.881494400e-01
  111.125000000   -28.875000000  3.479250062e+00  7.829703790e-01
  112.125000000   -28.875000000  3.638165529e+00  9.357137880e-01
  113.125000000   -28.875000000  3.432495707e+00  1.048500076e+00
  154.125000000   -28.875000000  3.196784468e+00  6.955327947e-01
  155.125000000   -28.875000000  2.665306723e+00  8.403230823e-01
  156.125000000   -28.875000000  1.729297362e+00  9.311281330e-01
  157.125000000   -28.875000000  1.099024013e+00  8.668365638e-01
  158.125000000   -28.875000000  1.187357731e+00  8.007375427e-01
  159.125000000   -28.875000000  1.750465243e+00  7.691745056e-01
  110.125000000   -27.875000000  3.560038708e+00  7.050789868e-01
  111.125000000   -27.875000000  3.538060926e+00  8.292631619e-01
  112.125000000   -27.875000000  3.481481286e+00  9.779937101e-01
  113.125000000   -27.875000000  3.307453377e+00  1.097404598e+00
  154.125000000   -27.875000000  3.040575300e+00  6.612597358e-01
  155.125000000   -27.875000000  2.513401166e+00  7.978857828e-01
  156.125000000   -27.875000000  1.505624683e+00  8.581777207e-01
  157.125000000   -27.875000000  1.051704526e+00  7.982756494e-01
  158.125000000   -27.875000000  1.447494870e+00  7.159016289e-01
  159.125000000   -27.875000000  1.866438458e+00  6.846991591e-01
  110.125000000   -26.875000000  3.297542814e+00  7.542349762e-01
  111.125000000   -26.875000000  3.113974031e+00  8.481879597e-01
  112.125000000   -26.875000000  2.984070908e+00  9.770603059e-01
  113.125000000   -26.875000000  2.893891053e+00  1.105279524e+00
  154.125000000   -26.875000000  3.377720299e+00  6.294605731e-01
  155.125000000   -26.875000000  3.170745789e+00  7.763761638e-01
  156.125000000   -26.875000000  2.307415101e+00  8.297645406e-01
  157.125000000   -26.875000000  2.008013376e+00  7.435169620e-01
  158.125000000   -26.875000000  2.615316158e+00  6.397722520e-01
  159.125000000   -26.875000000  2.925683813e+00  6.231111620e-01
  110.125000000   -25.875000000  3.026275997e+00  7.457823581e-01
  111.125000000   -25.875000000  2.991548401e+00  8.082150519e-01
  112.125000000   -25.875000000  2.927772853e+00  9.425820663e-01
  154.125000000   -25.875000000  3.814294200e+00  6.077486564e-01
  155.125000000   -25.875000000  4.079539457e+00  7.711791998e-01
  156.125000000   -25.875000000  3.513435409e+00  8.528392383e-01
  157.125000000   -25.875000000  3.237779172e+00  7.976488021e-01
  158.125000000   -25.875000000  3.817544487e+00  7.157503954e-01
  159.125000000   -25.875000000  4.126342604e+00  6.788877250e-01
  110.125000000   -24.875000000  3.042953877e+00  7.070071570e-01
  111.125000000   -24.875000000  2.930310934e+00  7.499827459e-01
  112.125000000   -24.875000000  2.863028133e+00  8.894927882e-01
  154.125000000   -24.875000000  4.192417551e+00  5.963194200e-01
  155.125000000   -24.875000000  4.850765733e+00  7.317545693e-01
  156.125000000   -24.875000000  4.733204404e+00  7.984629998e-01
  157.125000000   -24.875000000  4.452183648e+00  7.804281800e-01
  158.125000000   -24.875000000  4.694035861e+00  7.367955565e-01
  159.125000000   -24.875000000  4.913959115e+00  6.978796580e-01
  110.125000000   -23.875000000  3.020286162e+00  7.316743371e-01
  111.125000000   -23.875000000  2.748847913e+00  7.686195200e-01
  112.125000000   -23.875000000  2.635796459e+00  8.823065473e-01
  113.125000000   -23.875000000  2.492897159e+00  1.030478699e+00
  153.125000000   -23.875000000  3.541273568e+00  5.018419638e-01
  154.125000000   -23.875000000  4.190707159e+00  5.451975499e-01
  155.125000000   -23.875000000  4.971002356e+00  6.677492957e-01
  156.125000000   -23.875000000  5.264068490e+00  7.072021070e-01
  157.125000000   -23.875000000  5.108498333e+00  6.854432118e-01
  158.125000000   -23.875000000  5.062750292e+00  6.607497711e-01
  159.125000000   -23.875000000  5.184399977e+00  6.454077182e-01
  110.125000000   -22.875000000  3.095135046e+00  8.168604970e-01
  111.125000000   -22.875000000  2.786904353e+00  8.632297002e-01
  112.125000000   -22.875000000  2.604568478e+00  9.419817967e-01
  113.125000000   -22.875000000  2.375452757e+00  1.038563976e+00
  151.125000000   -22.875000000  2.386034238e+00  5.864636584e-01
  152.125000000   -22.875000000  3.056659676e+00  5.252471274e-01
  153.125000000   -22.875000000  3.399353636e+00  4.500948641e-01
  154.125000000   -22.875000000  3.936759803e+00  4.822586171e-01
  155.125000000   -22.875000000  4.629274031e+00  6.104858415e-01
  156.125000000   -22.875000000  5.005242664e+00  6.612556923e-01
  157.125000000   -22.875000000  4.914855528e+00  6.559837678e-01
  158.125000000   -22.875000000  4.819420655e+00  6.372153331e-01
  159.125000000   -22.875000000  4.910763643e+00  6.170151731e-01
  110.125000000   -21.875000000  3.290179621e+00  8.908186773e-01
  111.125000000   -21.875000000  3.046479964e+00  9.375286836e-01
  112.125000000   -21.875000000  2.806068964e+00  9.921218572e-01
  113.125000000   -21.875000000  2.435927084e+00  1.040709067e+00
  152.125000000   -21.875000000  2.704022729e+00  4.750618140e-01
  153.125000000   -21.875000000  3.410055681e+00  4.200124511e-01
  154.125000000   -21.875000000  3.966527506e+00  4.825178586e-01
  155.125000000   -21.875000000  4.421670331e+00  6.000559731e-01
  156.125000000   -21.875000000  4.537334522e+00  6.546207162e-01
  157.125000000   -21.875000000  4.362575465e+00  6.456637834e-01
  158.125000000   -21.875000000  4.295194271e+00  6.063485190e-01
  159.125000000   -21.875000000  4.347916520e+00  5.754317577e-01
  110.125000000   -20.875000000  3.554205240e+00  9.018539900e-01
  111.125000000   -20.875000000  3.432504990e+00  9.304826394e-01
  112.125000000   -20.875000000  3.135826293e+00  9.642682497e-01
  113.125000000   -20.875000000  2.631825491e+00  9.876172131e-01
  114.125000000   -20.875000000  2.322367411e+00  1.002293811e+00
  151.125000000   -20.875000000  1.530023260e+00  4.897746546e-01
  152.125000000   -20.875000000  2.930449974e+00  4.111864786e-01
  153.125000000   -20.875000000  3.822622782e+00  4.381265497e-01
  154.125000000   -20.875000000  4.284237234e+00  5.282450277e-01
  155.125000000   -20.875000000  4.444299435e+00  5.999849026e-01
  156.125000000   -20.875000000  4.374591541e+00  6.216310905e-01
  157.125000000   -20.875000000  4.201440836e+00  5.967029197e-01
  158.125000000   -20.875000000  4.109515528e+00  5.508368903e-01
  159.125000000   -20.875000000  4.058213611e+00  5.207189349e-01
  110.125000000   -19.875000000  4.004480689e+00  8.640901948e-01
  111.125000000   -19.875000000  3.857136319e+00  8.684048301e-01
  112.125000000   -19.875000000  3.472687870e+00  8.782536110e-01
  113.125000000   -19.875000000  2.936781516e+00  8.863002246e-01
  114.125000000   -19.875000000  2.641740990e+00  8.900961943e-01
  115.125000000   -19.875000000  2.660324162e+00  9.074280885e-01
  116.125000000   -19.875000000  2.641387862e+00  9.324147076e-01
  117.125000000   -19.875000000  2.456370201e+00  9.502626406e-01
  118.125000000   -19.875000000  2.390687372e+00  9.624849547e-01
  149.125000000   -19.875000000  2.014537875e+00  5.604934150e-01
  150.125000000   -19.875000000  1.884712621e+00  4.677595753e-01
  151.125000000   -19.875000000  2.700399708e+00  3.910758026e-01
  152.125000000   -19.875000000  3.704352386e+00  4.150853254e-01
  153.125000000   -19.875000000  4.321755999e+00  4.881004276e-01
  154.125000000   -19.875000000  4.471748870e+00  5.453021914e-01
  155.125000000   -19.875000000  4.377354981e+00  5.697562627e-01
  156.125000000   -19.875000000  4.290384724e+00  5.683217817e-01
  157.125000000   -19.875000000  4.216479801e+00  5.407450747e-01
  159.125000000   -19.875000000  4.071298262e+00  4.798370040e-01
  110.125000000   -18.875000000  4.404955450e+00  8.176483055e-01
  111.125000000   -18.875000000  4.180876482e+00  8.035704725e-01
  112.125000000   -18.875000000  3.759072938e+00  7.921982663e-01
  113.125000000   -18.875000000  3.271947771e+00  7.800073576e-01
  114.125000000   -18.875000000  2.943644204e+00  7.682231913e-01
  115.125000000   -18.875000000  2.829957555e+00  7.724937791e-01
  116.125000000   -18.875000000  2.729404738e+00  7.969889574e-01
  117.125000000   -18.875000000  2.520270604e+00  8.319944233e-01
  118.125000000   -18.875000000  2.433978853e+00  8.681774104e-01
  119.125000000   -18.875000000  2.420888838e+00  8.984227171e-01
  120.125000000   -18.875000000  2.240421729e+00  9.186260949e-01
  121.125000000   -18.875000000  1.971410111e+00  9.335135927e-01
  147.125000000   -18.875000000  3.598913284e+00  4.924919917e-01
  148.125000000   -18.875000000  3.374437681e+00  4.320343556e-01
  149.125000000   -18.875000000  3.124872842e+00  4.085511963e-01
  150.125000000   -18.875000000  3.171379735e+00  4.084109944e-01
  151.125000000   -18.875000000  3.596301904e+00  4.407844360e-01
  152.125000000   -18.875000000  4.099896514e+00  4.918100694e-01
  153.125000000   -18.875000000  4.400103256e+00  5.233758914e-01
  154.125000000   -18.875000000  4.355998381e+00  5.327861381e-01
  155.125000000   -18.875000000  4.177438054e+00  5.327056574e-01
  156.125000000   -18.875000000  4.112107632e+00  5.251697256e-01
  157.125000000   -18.875000000  4.112763459e+00  5.045993184e-01
  158.125000000   -18.875000000  4.113770312e+00  4.820401998e-01
  159.125000000   -18.875000000  4.095216727e+00  4.741275347e-01
  110.125000000   -17.875000000  4.372621780e+00  7.772339850e-01
  111.125000000   -17.875000000  4.243431112e+00  7.592410770e-01
  112.125000000   -17.875000000  3.869302919e+00  7.414348693e-01
  113.125000000   -17.875000000  3.388668584e+00  7.192731146e-01
  114.125000000   -17.875000000  3.011502768e+00  6.955551953e-01
  115.125000000   -17.875000000  2.844168622e+00  6.828154373e-01
  116.125000000   -17.875000000  2.760085587e+00  6.909056794e-01
  117.125000000   -17.875000000  2.544701051e+00  7.212576087e-01
  118.125000000   -17.875000000  2.387061758e+00  7.636865125e-01
  119.125000000   -17.875000000  2.474923984e+00  8.057341552e-01
  120.125000000   -17.875000000  2.671911783e+00  8.455558174e-01
  121.125000000   -17.875000000  2.698580590e+00  8.844002529e-01
  147.125000000   -17.875000000  3.576325734e+00  4.292259959e-01
  148.125000000   -17.875000000  3.548825342e+00  4.478940773e-01
  149.125000000   -17.875000000  3.559157863e+00  5.037642807e-01
  150.125000000   -17.875000000  3.681075748e+00  5.407027315e-01
  151.125000000   -17.875000000  3.886914220e+00  5.550743400e-01
  152.125000000   -17.875000000  4.114832404e+00  5.582767223e-01
  153.125000000   -17.875000000  4.246077789e+00  5.581103003e-01
  154.125000000   -17.875000000  4.181920425e+00  5.549119884e-01
  155.125000000   -17.875000000  4.055241136e+00  5.443911552e-01
  156.125000000   -17.875000000  4.011220843e+00  5.283965291e-01
  157.125000000   -17.875000000  4.028660591e+00  5.112100903e-01
  158.125000000   -17.875000000  4.071422302e+00  4.968237746e-01
  159.125000000   -17.875000000  4.084441953e+00  4.946056163e-01
  110.125000000   -16.875000000  4.040866916e+00  7.478137081e-01
  111.125000000   -16.875000000  4.054641038e+00  7.263798113e-01
  112.125000000   -16.875000000  3.740441324e+00  7.101829878e-01
  113.125000000   -16.875000000  3.270421925e+00  6.934513606e-01
  114.125000000   -16.875000000  2.951962577e+00  6.722778232e-01
  115.125000000   -16.875000000  2.885638880e+00  6.481020296e-01
  116.125000000   -16.875000000  2.890785055e+00  6.406947758e-01
  117.125000000   -16.875000000  2.674759037e+00  6.582031580e-01
  118.125000000   -16.875000000  2.406277271e+00  6.944074928e-01
  119.125000000   -16.875000000  2.442104166e+00  7.385587017e-01
  120.125000000   -16.875000000  2.746475461e+00  7.910072101e-01
  121.125000000   -16.875000000  2.928926618e+00  8.473920314e-01
  147.125000000   -16.875000000  3.677358870e+00  4.736022237e-01
  148.125000000   -16.875000000  3.790974224e+00  5.752496102e-01
  149.125000000   -16.875000000  3.880073893e+00  6.320215032e-01
  151.125000000   -16.875000000  4.115504603e+00  6.328709567e-01
  152.125000000   -16.875000000  4.216712009e+00  6.165984668e-01
  153.125000000   -16.875000000  4.247855664e+00  6.132941760e-01
  154.125000000   -16.875000000  4.161023399e+00  6.162799079e-01
  155.125000000   -16.875000000  4.035923357e+00  6.075290224e-01
  156.125000000   -16.875000000  3.953925088e+00  5.908365640e-01
  157.125000000   -16.875000000  3.935948558e+00  5.736759857e-01
  158.125000000   -16.875000000  3.992647461e+00  5.563881355e-01
  159.125000000   -16.875000000  4.065339316e+00  5.442720725e-01
  110.125000000   -15.875000000  3.810273657e+00  7.590019579e-01
  111.125000000   -15.875000000  3.833191746e+00  7.291004603e-01
  112.125000000   -15.875000000  3.539504180e+00  7.061460241e-01
  113.125000000   -15.875000000  3.129374128e+00  6.900246407e-01
  114.125000000   -15.875000000  2.928598551e+00  6.740011378e-01
  115.125000000   -15.875000000  2.996078329e+00  6.545141659e-01
  116.125000000   -15.875000000  3.094569677e+00  6.470210374e-01
  117.125000000   -15.875000000  2.940141272e+00  6.542935409e-01
  118.125000000   -15.875000000  2.660547424e+00  6.762297198e-01
  119.125000000   -15.875000000  2.552795791e+00  7.117354585e-01
  120.125000000   -15.875000000  2.618980109e+00  7.591685068e-01
  121.125000000   -15.875000000  2.718934869e+00  8.151892174e-01
  122.125000000   -15.875000000  2.878485134e+00  8.671728712e-01
  123.125000000   -15.875000000  2.730925683e+00  9.127524994e-01
  146.125000000   -15.875000000  3.622496619e+00  4.562210737e-01
  147.125000000   -15.875000000  3.964821771e+00  5.635346577e-01
  148.125000000   -15.875000000  4.208229695e+00  6.766984919e-01
  149.125000000   -15.875000000  4.367680676e+00  7.097393440e-01
  150.125000000   -15.875000000  4.466285559e+00  7.049789545e-01
  151.125000000   -15.875000000  4.494019101e+00  6.936416893e-01
  152.125000000   -15.875000000  4.495443220e+00  6.810369182e-01
  153.125000000   -15.875000000  4.459053993e+00  6.768190423e-01
  154.125000000   -15.875000000  4.332380666e+00  6.810251130e-01
  155.125000000   -15.875000000  4.142400386e+00  6.783805560e-01
  156.125000000   -15.875000000  3.983955198e+00  6.690577486e-01
  157.125000000   -15.875000000  3.922771246e+00  6.553507510e-01
  158.125000000   -15.875000000  3.972059193e+00  6.393911754e-01
  159.125000000   -15.875000000  4.095527894e+00  6.277629104e-01
  110.125000000   -14.875000000  3.711851998e+00  8.462158826e-01
  111.125000000   -14.875000000  3.687446477e+00  8.125887854e-01
  112.125000000   -14.875000000  3.406053266e+00  7.876000203e-01
  113.125000000   -14.875000000  3.022054208e+00  7.709067872e-01
  114.125000000   -14.875000000  2.815716628e+00  7.479533561e-01
  115.125000000   -14.875000000  2.911962526e+00  7.302263556e-01
  116.125000000   -14.875000000  3.105930137e+00  7.269878689e-01
  117.125000000   -14.875000000  3.114510693e+00  7.211340498e-01
  118.125000000   -14.875000000  2.948090214e+00  7.157905337e-01
  119.125000000   -14.875000000  2.742576689e+00  7.216698575e-01
  120.125000000   -14.875000000  2.554799823e+00  7.429386486e-01
  121.125000000   -14.875000000  2.511156764e+00  7.802996399e-01
  122.125000000   -14.875000000  2.658609248e+00  8.239941300e-01
  123.125000000   -14.875000000  2.242291713e+00  8.729980423e-01
  124.125000000   -14.875000000  3.242110451e-01  9.444174644e-01
  146.125000000   -14.875000000  4.038810219e+00  5.010031147e-01
  147.125000000   -14.875000000  4.488720134e+00  6.464623241e-01
  148.125000000   -14.875000000  4.905353570e+00  7.451612406e-01
  149.125000000   -14.875000000  5.213839486e+00  7.596250966e-01
  150.125000000   -14.875000000  5.312198252e+00  7.477373307e-01
  151.125000000   -14.875000000  5.224316807e+00  7.430541493e-01
  152.125000000   -14.875000000  5.091599614e+00  7.431189563e-01
  153.125000000   -14.875000000  4.972407727e+00  7.459271678e-01
  154.125000000   -14.875000000  4.803417065e+00  7.501591905e-01
  155.125000000   -14.875000000  4.545233688e+00  7.464212739e-01
  156.125000000   -14.875000000  4.305700105e+00  7.424152284e-01
  157.125000000   -14.875000000  4.181861423e+00  7.355216251e-01
  158.125000000   -14.875000000  4.148346527e+00  7.212542796e-01
  159.125000000   -14.875000000  4.203092666e+00  7.115258445e-01
  110.125000000   -13.875000000  3.541647126e+00  9.605879243e-01
  111.125000000   -13.875000000  3.562197682e+00  9.215266498e-01
  112.125000000   -13.875000000  3.343058951e+00  8.909003593e-01
  113.125000000   -13.875000000  2.964669936e+00  8.779313985e-01
  114.125000000   -13.875000000  2.675751813e+00  8.550084068e-01
  115.125000000   -13.875000000  2.683032774e+00  8.280223964e-01
  116.125000000   -13.875000000  2.886717819e+00  8.146033802e-01
  117.125000000   -13.875000000  3.040848659e+00  7.984150713e-01
  118.125000000   -13.875000000  3.021072064e+00  7.717784597e-01
  119.125000000   -13.875000000  2.812360745e+00  7.479831078e-01
  120.125000000   -13.875000000  2.533713010e+00  7.390650883e-01
  121.125000000   -13.875000000  2.412038937e+00  7.484597751e-01
  122.125000000   -13.875000000  2.474238373e+00  7.674667866e-01
  123.125000000   -13.875000000  2.291269446e+00  7.997002603e-01
  124.125000000   -13.875000000  1.538354502e+00  8.550848644e-01
  125.125000000   -13.875000000  1.062106461e+00  9.087079306e-01
  128.125000000   -13.875000000  1.179828706e+00  9.534055758e-01
  129.125000000   -13.875000000  1.953312778e+00  9.871357386e-01
  144.125000000   -13.875000000  3.750672699e+00  4.755239430e-01
  145.125000000   -13.875000000  4.257776090e+00  4.662631187e-01
  146.125000000   -13.875000000  4.611946364e+00  5.579332261e-01
  147.125000000   -13.875000000  4.992117580e+00  6.832948885e-01
  148.125000000   -13.875000000  5.565178274e+00  7.512984829e-01
  149.125000000   -13.875000000  6.083852190e+00  7.533050520e-01
  150.125000000   -13.875000000  6.175428754e+00  7.287916013e-01
  151.125000000   -13.875000000  5.913177049e+00  7.230836387e-01
  152.125000000   -13.875000000  5.639889802e+00  7.454789530e-01
  153.125000000   -13.875000000  5.479782743e+00  7.735096529e-01
  154.125000000   -13.875000000  5.325049133e+00  7.931749270e-01
  155.125000000   -13.875000000  5.077129617e+00  7.992615451e-01
  156.125000000   -13.875000000  4.809665634e+00  7.973192069e-01
  157.125000000   -13.875000000  4.619624763e+00  7.887321777e-01
  158.125000000   -13.875000000  4.458554604e+00  7.739925840e-01
  159.125000000   -13.875000000  4.347935080e+00  7.639327419e-01
  110.125000000   -12.875000000  3.421141148e+00  9.894972409e-01
  111.125000000   -12.875000000  3.535345475e+00  9.530392640e-01
  112.125000000   -12.875000000  3.432942878e+00  9.120968585e-01
  113.125000000   -12.875000000  3.133596117e+00  8.841253065e-01
  114.125000000   -12.875000000  2.845435642e+00  8.568663626e-01
  115.125000000   -12.875000000  2.757535313e+00  8.258059940e-01
  116.125000000   -12.875000000  2.857670993e+00  8.022995696e-01
  117.125000000   -12.875000000  3.013053135e+00  7.847035949e-01
  118.125000000   -12.875000000  3.067640550e+00  7.576681336e-01
  119.125000000   -12.875000000  2.914189712e+00  7.266436093e-01
  120.125000000   -12.875000000  2.654910784e+00  7.068915684e-01
  121.125000000   -12.875000000  2.482859437e+00  7.036201854e-01
  122.125000000   -12.875000000  2.464247032e+00  7.126203054e-01
  123.125000000   -12.875000000  2.563528378e+00  7.353811890e-01
  124.125000000   -12.875000000  2.630059220e+00  7.727203616e-01
  125.125000000   -12.875000000  2.466126339e+00  8.153458175e-01
  126.125000000   -12.875000000  2.088320238e+00  8.467953178e-01
  127.125000000   -12.875000000  1.658641346e+00  8.730608914e-01
  128.125000000   -12.875000000  1.547685824e+00  9.022875857e-01
  129.125000000   -12.875000000  2.144214864e+00  9.356819901e-01
  144.125000000   -12.875000000  4.142398796e+00  4.609534576e-01
  145.125000000   -12.875000000  4.842007078e+00  4.940649630e-01
  146.125000000   -12.875000000  5.037874074e+00  5.763672435e-01
  147.125000000   -12.875000000  5.132521945e+00  6.299783264e-01
  148.125000000   -12.875000000  5.641413065e+00  6.662753226e-01
  149.125000000   -12.875000000  6.211461824e+00  6.731366736e-01
  150.125000000   -12.875000000  6.223022499e+00  6.331742834e-01
  151.125000000   -12.875000000  5.788494262e+00  6.031825911e-01
  152.125000000   -12.875000000  5.454799255e+00  6.279062586e-01
  153.125000000   -12.875000000  5.370948952e+00  6.794327721e-01
  154.125000000   -12.875000000  5.345349171e+00  7.334232609e-01
  155.125000000   -12.875000000  5.213170755e+00  7.838994809e-01
  156.125000000   -12.875000000  4.995118477e+00  8.114457171e-01
  157.125000000   -12.875000000  4.795492917e+00  8.127980026e-01
  158.125000000   -12.875000000  4.581447457e+00  8.091396557e-01
  159.125000000   -12.875000000  4.376467157e+00  8.087037654e-01
  110.125000000   -11.875000000  3.690461427e+00  9.160374453e-01
  111.125000000   -11.875000000  3.790200500e+00  9.014923133e-01
  112.125000000   -11.875000000  3.764308830e+00  8.691456034e-01
  113.125000000   -11.875000000  3.581111017e+00  8.267012536e-01
  114.125000000   -11.875000000  3.352425428e+00  7.854035681e-01
  115.125000000   -11.875000000  3.206721229e+00  7.488578345e-01
  116.125000000   -11.875000000  3.173413277e+00  7.179059707e-01
  117.125000000   -11.875000000  3.209888284e+00  7.007320102e-01
  118.125000000   -11.875000000  3.232550767e+00  6.872034715e-01
  119.125000000   -11.875000000  3.149389990e+00  6.747362074e-01
  120.125000000   -11.875000000  2.975207175e+00  6.709664843e-01
  121.125000000   -11.875000000  2.805118401e+00  6.763180507e-01
  122.125000000   -11.875000000  2.741449117e+00  6.877567105e-01
  123.125000000   -11.875000000  2.824073431e+00  7.060372210e-01
  124.125000000   -11.875000000  2.886547757e+00  7.280504625e-01
  125.125000000   -11.875000000  2.683329683e+00  7.531400193e-01
  126.125000000   -11.875000000  2.274535071e+00  7.816057273e-01
  127.125000000   -11.875000000  1.903257271e+00  8.145376204e-01
  128.125000000   -11.875000000  1.774094384e+00  8.565318848e-01
  129.125000000   -11.875000000  1.979520561e+00  9.065580238e-01
  132.125000000   -11.875000000 -4.846740717e+00  1.255373440e+00
  144.125000000   -11.875000000  4.122619798e+00  4.559245599e-01
  145.125000000   -11.875000000  5.043116728e+00  4.867091773e-01
  146.125000000   -11.875000000  5.124773678e+00  5.275340828e-01
  147.125000000   -11.875000000  4.895142746e+00  5.152387250e-01
  148.125000000   -11.875000000  5.097733636e+00  5.345224205e-01
  149.125000000   -11.875000000  5.482973575e+00  5.471369085e-01
  150.125000000   -11.875000000  5.441861261e+00  5.034457333e-01
  151.125000000   -11.875000000  5.078274703e+00  4.596068580e-01
  152.125000000   -11.875000000  4.849835221e+00  4.675127551e-01
  153.125000000   -11.875000000  4.839189030e+00  5.184900854e-01
  154.125000000   -11.875000000  4.882793867e+00  6.002202388e-01
  155.125000000   -11.875000000  4.781856112e+00  7.110017784e-01
  156.125000000   -11.875000000  4.526789372e+00  7.996979344e-01
  157.125000000   -11.875000000  4.290439466e+00  8.350494750e-01
  158.125000000   -11.875000000  4.092666827e+00  8.461580775e-01
  159.125000000   -11.875000000  3.962423054e+00  8.514177189e-01
  110.125000000   -10.875000000  4.389195751e+00  9.067508444e-01
  111.125000000   -10.875000000  4.377405768e+00  9.315433729e-01
  112.125000000   -10.875000000  4.324343597e+00  9.371107767e-01
  113.125000000   -10.875000000  4.147650813e+00  9.174457025e-01
  114.125000000   -10.875000000  3.858972565e+00  8.734106867e-01
  115.125000000   -10.875000000  3.603461343e+00  8.130112874e-01
  116.125000000   -10.875000000  3.458168372e+00  7.653935469e-01
  117.125000000   -10.875000000  3.381160215e+00  7.520116770e-01
  118.125000000   -10.875000000  3.349802843e+00  7.561655149e-01
  119.125000000   -10.875000000  3.364310602e+00  7.620480310e-01
  120.125000000   -10.875000000  3.369310496e+00  7.675874763e-01
  122.125000000   -10.875000000  3.283330443e+00  7.462942092e-01
  124.125000000   -10.875000000  3.100727568e+00  7.215885644e-01
  125.125000000   -10.875000000  2.774619607e+00  7.322082506e-01
  126.125000000   -10.875000000  2.477395855e+00  7.530668435e-01
  127.125000000   -10.875000000  2.181804626e+00  7.782314171e-01
  128.125000000   -10.875000000  1.992400850e+00  8.160453937e-01
  129.125000000   -10.875000000  1.957174785e+00  8.673465399e-01
  130.125000000   -10.875000000  1.323451140e+00  9.280053974e-01
  131.125000000   -10.875000000 -4.402276552e-01  1.020739409e+00
  132.125000000   -10.875000000 -1.350508802e+00  1.134495817e+00
  134.125000000   -10.875000000  1.140589603e+00  1.347822692e+00
  135.125000000   -10.875000000  1.579389724e+00  1.466337611e+00
  144.125000000   -10.875000000  3.847706469e+00  4.590623354e-01
  145.125000000   -10.875000000  4.842818690e+00  4.305582768e-01
  146.125000000   -10.875000000  4.918000097e+00  4.320230204e-01
  147.125000000   -10.875000000  4.541980314e+00  3.993688568e-01
  148.125000000   -10.875000000  4.471661598e+00  4.197640098e-01
  149.125000000   -10.875000000  4.648277980e+00  4.358141098e-01
  154.125000000   -10.875000000  4.483765406e+00  5.808551788e-01
  155.125000000   -10.875000000  4.282474474e+00  7.393777935e-01
  156.125000000   -10.875000000  3.910892927e+00  8.787754212e-01
  157.125000000   -10.875000000  3.581365373e+00  9.506657113e-01
  158.125000000   -10.875000000  3.370760505e+00  9.640542282e-01
  159.125000000   -10.875000000  3.340952675e+00  9.492315588e-01
  110.125000000    -9.875000000  5.061055265e+00  1.032433539e+00
  111.125000000    -9.875000000  4.980504661e+00  1.093674047e+00
  112.125000000    -9.875000000  4.883578041e+00  1.145588377e+00
  113.125000000    -9.875000000  4.614927436e+00  1.166765997e+00
  114.125000000    -9.875000000  4.135773870e+00  1.126722574e+00
  115.125000000    -9.875000000  3.711430304e+00  1.023031377e+00
  116.125000000    -9.875000000  3.491534011e+00  9.271817477e-01
  117.125000000    -9.875000000  3.388819297e+00  8.957924086e-01
  118.125000000    -9.875000000  3.380286676e+00  8.974951726e-01
  121.125000000    -9.875000000  3.791255760e+00  8.908761694e-01
  122.125000000    -9.875000000  3.806686272e+00  8.511128661e-01
  123.125000000    -9.875000000  3.818009898e+00  7.954317343e-01
  125.125000000    -9.875000000  3.014662527e+00  7.453348576e-01
  126.125000000    -9.875000000  2.775723518e+00  7.522621790e-01
  127.125000000    -9.875000000  2.565782533e+00  7.551349430e-01
  128.125000000    -9.875000000  2.349724545e+00  7.686227869e-01
  129.125000000    -9.875000000  2.193949807e+00  8.035364118e-01
  130.125000000    -9.875000000  1.899956598e+00  8.507514708e-01
  131.125000000    -9.875000000  1.393696539e+00  9.169221132e-01
  132.125000000    -9.875000000  1.164153975e+00  1.008219958e+00
  133.125000000    -9.875000000  1.354168050e+00  1.116639507e+00
  134.125000000    -9.875000000  1.403513844e+00  1.237666836e+00
  135.125000000    -9.875000000  1.391099418e+00  1.362050903e+00
  136.125000000    -9.875000000  1.564305371e+00  1.494150909e+00
  145.125000000    -9.875000000  4.580455729e+00  4.037839109e-01
  146.125000000    -9.875000000  4.683536474e+00  3.786357112e-01
  147.125000000    -9.875000000  4.342787152e+00  3.603588912e-01
  152.125000000    -9.875000000  4.385659469e+00  4.933476652e-01
  153.125000000    -9.875000000  4.293186081e+00  5.856271350e-01
  154.125000000    -9.875000000  4.191939007e+00  7.233791513e-01
  155.125000000    -9.875000000  4.009939944e+00  8.895511593e-01
  156.125000000    -9.875000000  3.659888483e+00  1.037102420e+00
  157.125000000    -9.875000000  3.300511355e+00  1.125526718e+00
  158.125000000    -9.875000000  3.065787115e+00  1.134193226e+00
  159.125000000    -9.875000000  3.058951622e+00  1.093946036e+00
  110.125000000    -8.875000000  5.350610283e+00  1.177015782e+00
  111.125000000    -8.875000000  5.272748567e+00  1.239697094e+00
  112.125000000    -8.875000000  5.223969236e+00  1.286273967e+00
  113.125000000    -8.875000000  4.950312420e+00  1.285521232e+00
  114.125000000    -8.875000000  4.316464473e+00  1.212599822e+00
  123.125000000    -8.875000000  3.822199191e+00  7.983341834e-01
  124.125000000    -8.875000000  3.505882383e+00  7.545935358e-01
  127.125000000    -8.875000000  2.775922362e+00  7.141917270e-01
  128.125000000    -8.875000000  2.593842977e+00  7.163484258e-01
  129.125000000    -8.875000000  2.390824370e+00  7.454120390e-01
  130.125000000    -8.875000000  2.183982203e+00  7.925593073e-01
  131.125000000    -8.875000000  2.034558750e+00  8.487589250e-01
  132.125000000    -8.875000000  1.978055458e+00  9.249403103e-01
  133.125000000    -8.875000000  1.905200193e+00  1.033297425e+00
  134.125000000    -8.875000000  1.681361649e+00  1.168220385e+00
  135.125000000    -8.875000000  1.541808570e+00  1.316954743e+00
  136.125000000    -8.875000000  1.662647278e+00  1.486416083e+00
  144.125000000    -8.875000000  3.862828805e+00  4.873954252e-01
  145.125000000    -8.875000000  4.396136283e+00  4.495822855e-01
  146.125000000    -8.875000000  4.544563587e+00  4.051539293e-01
  150.125000000    -8.875000000  4.123850573e+00  5.048683759e-01
  153.125000000    -8.875000000  3.819365949e+00  8.136305181e-01
  154.125000000    -8.875000000  3.789744720e+00  9.128399471e-01
  155.125000000    -8.875000000  3.760913785e+00  1.018590543e+00
  156.125000000    -8.875000000  3.586551233e+00  1.123186001e+00
  157.125000000    -8.875000000  3.336758407e+00  1.195125301e+00
  115.125000000    -7.875000000  3.886305126e+00  8.810195023e-01
  116.125000000    -7.875000000  3.396013970e+00  7.965269674e-01
  118.125000000    -7.875000000  3.157562539e+00  7.334702936e-01
  119.125000000    -7.875000000  3.305710107e+00  7.332161577e-01
  120.125000000    -7.875000000  3.430469563e+00  7.433375860e-01
  121.125000000    -7.875000000  3.394006476e+00  7.622521358e-01
  122.125000000    -7.875000000  3.379635427e+00  7.671058748e-01
  123.125000000    -7.875000000  3.386528071e+00  7.485282348e-01
  124.125000000    -7.875000000  3.135992921e+00  7.210308321e-01
  125.125000000    -7.875000000  2.808350557e+00  7.020183587e-01
  128.125000000    -7.875000000  2.563831547e+00  6.955010784e-01
  129.125000000    -7.875000000  2.424279973e+00  7.280553274e-01
  132.125000000    -7.875000000  2.216529998e+00  9.240197415e-01
  133.125000000    -7.875000000  2.236917530e+00  1.036723866e+00
  134.125000000    -7.875000000  2.121840952e+00  1.175838723e+00
  135.125000000    -7.875000000  2.004362230e+00  1.330944643e+00
  148.125000000    -7.875000000  4.030064729e+00  4.243512895e-01
  149.125000000    -7.875000000  3.952692716e+00  4.900288992e-01
  150.125000000    -7.875000000  3.869092727e+00  5.999312046e-01
  151.125000000    -7.875000000  3.643187082e+00  7.769375379e-01
  152.125000000    -7.875000000  3.429738041e+00  9.654935350e-01
  153.125000000    -7.875000000  3.374272931e+00  1.067407785e+00
  154.125000000    -7.875000000  3.414322055e+00  1.083660259e+00
  155.125000000    -7.875000000  3.484679160e+00  1.090782690e+00
  156.125000000    -7.875000000  3.497927533e+00  1.120087788e+00
  158.125000000    -7.875000000  3.429301206e+00  1.148100653e+00
  117.125000000    -6.875000000  3.229984540e+00  7.541670369e-01
  120.125000000    -6.875000000  3.267506803e+00  7.741272213e-01
  123.125000000    -6.875000000  3.075954559e+00  7.733250401e-01
  124.125000000    -6.875000000  2.827700760e+00  7.463765865e-01
  125.125000000    -6.875000000  2.590383563e+00  7.346938321e-01
  126.125000000    -6.875000000  2.522913821e+00  7.301021931e-01
  127.125000000    -6.875000000  2.491518051e+00  7.320954148e-01
  128.125000000    -6.875000000  2.414663313e+00  7.462480474e-01
  130.125000000    -6.875000000  2.292141317e+00  8.338801662e-01
  131.125000000    -6.875000000  2.334115675e+00  9.032220362e-01
  133.125000000    -6.875000000  2.648479000e+00  1.091251210e+00
  135.125000000    -6.875000000  2.617757873e+00  1.336603063e+00
  148.125000000    -6.875000000  3.727305660e+00  4.951085918e-01
  149.125000000    -6.875000000  3.681781788e+00  5.519802329e-01
  150.125000000    -6.875000000  3.589876406e+00  6.811870529e-01
  151.125000000    -6.875000000  3.306862358e+00  9.027245821e-01
  152.125000000    -6.875000000  3.163599680e+00  1.123468172e+00
  153.125000000    -6.875000000  3.275161338e+00  1.211068819e+00
  154.125000000    -6.875000000  3.354022716e+00  1.166946934e+00
  155.125000000    -6.875000000  3.384028673e+00  1.100501251e+00
  158.125000000    -6.875000000  3.595705585e+00  1.067395317e+00
  159.125000000    -6.875000000  3.783963798e+00  1.075284162e+00
  111.125000000    -5.875000000  3.867995479e+00  6.364562792e-01
  112.125000000    -5.875000000  3.980971189e+00  6.702300508e-01
  113.125000000    -5.875000000  4.248587920e+00  7.322278008e-01
  114.125000000    -5.875000000  4.318265661e+00  8.025416153e-01
  115.125000000    -5.875000000  4.175094843e+00  8.546703760e-01
  116.125000000    -5.875000000  3.848576185e+00  8.785725235e-01
  117.125000000    -5.875000000  3.435431967e+00  8.805825914e-01
  118.125000000    -5.875000000  3.258263310e+00  8.684810548e-01
  119.125000000    -5.875000000  3.301044793e+00  8.536947817e-01
  120.125000000    -5.875000000  3.311142877e+00  8.489565506e-01
  121.125000000    -5.875000000  3.259878765e+00  8.548618209e-01
  122.125000000    -5.875000000  3.186242780e+00  8.601611707e-01
  123.125000000    -5.875000000  2.981253204e+00  8.524258148e-01
  125.125000000    -5.875000000  2.372743036e+00  8.324956434e-01
  126.125000000    -5.875000000  2.277475066e+00  8.433885096e-01
  127.125000000    -5.875000000  2.240651926e+00  8.615325019e-01
  128.125000000    -5.875000000  2.194848891e+00  8.844789449e-01
  129.125000000    -5.875000000  2.183757134e+00  9.158024695e-01
  130.125000000    -5.875000000  2.240445715e+00  9.572844415e-01
  131.125000000    -5.875000000  2.399443177e+00  1.008663925e+00
  135.125000000    -5.875000000  3.000584542e+00  1.308070193e+00
  136.125000000    -5.875000000  2.959087020e+00  1.484256160e+00
  152.125000000    -5.875000000  3.120841438e+00  1.070773028e+00
  153.125000000    -5.875000000  3.368555589e+00  1.146129347e+00
  154.125000000    -5.875000000  3.454383222e+00  1.111188076e+00
  156.125000000    -5.875000000  3.309402242e+00  1.005324483e+00
  157.125000000    -5.875000000  3.314259091e+00  9.928221930e-01
  158.125000000    -5.875000000  3.458878103e+00  9.893534214e-01
  159.125000000    -5.875000000  3.638463543e+00  9.887657031e-01
