1070
  -14.125000000    30.125000000  2.773938303e+00  3.678057201e-01
  -13.125000000    30.125000000  2.688292012e+00  3.594904768e-01
  -12.125000000    30.125000000  2.741233902e+00  3.650431614e-01
  -11.125000000    30.125000000  2.874788260e+00  3.818892341e-01
  -10.125000000    30.125000000  2.946567418e+00  4.005875412e-01
   18.125000000    31.125000000  2.456107402e+00  7.427981949e-01
   19.125000000    31.125000000  2.370398117e+00  7.219769251e-01
   29.125000000    31.125000000  2.968399113e+00  7.281086333e-01
  -14.125000000    31.125000000  2.631761081e+00  3.705279271e-01
  -13.125000000    31.125000000  2.492343191e+00  3.515847713e-01
  -12.125000000    31.125000000  2.546862390e+00  3.490229001e-01
  -11.125000000    31.125000000  2.735098493e+00  3.632800957e-01
  -10.125000000    31.125000000  2.895075025e+00  3.873915338e-01
   16.125000000    32.125000000  2.700397836e+00  7.713155584e-01
   17.125000000    32.125000000  2.415684887e+00  7.732587853e-01
   18.125000000    32.125000000  2.021429865e+00  7.545677631e-01
   19.125000000    32.125000000  1.797673862e+00  7.209325435e-01
   25.125000000    32.125000000  1.113686510e+00  7.198127391e-01
   26.125000000    32.125000000  1.525166573e+00  7.533689500e-01
   27.125000000    32.125000000  2.183307707e+00  7.572372794e-01
   28.125000000    32.125000000  2.774868953e+00  7.424109558e-01
   29.125000000    32.125000000  2.988323120e+00  7.338453175e-01
   30.125000000    32.125000000  3.097788011e+00  7.338634467e-01
   31.125000000    32.125000000  3.269769992e+00  7.428889145e-01
   32.125000000    32.125000000  3.233249192e+00  7.569780709e-01
   33.125000000    32.125000000  3.027761757e+00  7.702573803e-01
   34.125000000    32.125000000  2.913741832e+00  7.742322463e-01
  -14.125000000    32.125000000  2.623240618e+00  3.973632591e-01
  -13.125000000    32.125000000  2.505645382e+00  3.819138906e-01
  -12.125000000    32.125000000  2.569653930e+00  3.792088125e-01
  -11.125000000    32.125000000  2.741085675e+00  3.853246220e-01
  -10.125000000    32.125000000  2.872899912e+00  4.016933976e-01
   13.125000000    33.125000000  2.850576508e+00  7.332084899e-01
   14.125000000    33.125000000  2.801053270e+00  7.561373377e-01
   15.125000000    33.125000000  2.642505113e+00  7.800184258e-01
   16.125000000    33.125000000  2.516142630e+00  7.852438607e-01
   17.125000000    33.125000000  2.216708459e+00  7.814478090e-01
   18.125000000    33.125000000  1.637744800e+00  7.677807313e-01
   19.125000000    33.125000000  1.255920798e+00  7.324257223e-01
   20.125000000    33.125000000  1.463579635e+00  7.036957785e-01
   21.125000000    33.125000000  1.951217330e+00  6.985650124e-01
   22.125000000    33.125000000  1.951252858e+00  6.766001886e-01
   23.125000000    33.125000000  1.234399023e+00  6.404815609e-01
   24.125000000    33.125000000  5.519116802e-01  6.543075782e-01
   25.125000000    33.125000000  3.401488132e-01  7.180297557e-01
   26.125000000    33.125000000  4.882752673e-01  7.763139512e-01
   27.125000000    33.125000000  1.235530293e+00  7.804888012e-01
   28.125000000    33.125000000  2.293716518e+00  7.497663856e-01
   29.125000000    33.125000000  2.833392041e+00  7.321214720e-01
   30.125000000    33.125000000  3.070374093e+00  7.246315589e-01
   31.125000000    33.125000000  3.332933869e+00  7.346945822e-01
   32.125000000    33.125000000  3.297972578e+00  7.591428827e-01
   33.125000000    33.125000000  3.023812457e+00  7.777604920e-01
   34.125000000    33.125000000  2.917777091e+00  7.777967372e-01
  -14.125000000    33.125000000  2.746524608e+00  4.288576688e-01
  -13.125000000    33.125000000  2.706664302e+00  4.178629954e-01
  -12.125000000    33.125000000  2.808233864e+00  4.171850892e-01
  -11.125000000    33.125000000  2.889901571e+00  4.182250727e-01
  -10.125000000    33.125000000  2.853126609e+00  4.230506651e-01
   -9.125000000    33.125000000  2.785649015e+00  4.344790132e-01
   11.125000000    34.125000000  2.381368690e+00  7.105053041e-01
   12.125000000    34.125000000  2.599946204e+00  7.216052012e-01
   13.125000000    34.125000000  2.802834710e+00  7.415814738e-01
   14.125000000    34.125000000  2.828442601e+00  7.768490736e-01
   15.125000000    34.125000000  2.683338786e+00  8.020359001e-01
   16.125000000    34.125000000  2.551446883e+00  7.990011940e-01
   17.125000000    34.125000000  2.316214366e+00  7.889654713e-01
   18.125000000    34.125000000  1.811020619e+00  7.755503495e-01
   19.125000000    34.125000000  1.426292981e+00  7.407872412e-01
   20.125000000    34.125000000  1.567413589e+00  7.100132774e-01
   21.125000000    34.125000000  1.914496251e+00  7.042804604e-01
   22.125000000    34.125000000  1.926040536e+00  6.872269508e-01
   23.125000000    34.125000000  1.428271365e+00  6.544511615e-01
   24.125000000    34.125000000  8.436374468e-01  6.604985682e-01
   25.125000000    34.125000000  4.315544921e-01  7.231911504e-01
   26.125000000    34.125000000  5.525974839e-02  7.878872368e-01
   27.125000000    34.125000000  4.736586799e-01  7.670848499e-01
   28.125000000    34.125000000  1.698645574e+00  7.034472037e-01
   29.125000000    34.125000000  2.490350233e+00  6.798461977e-01
   30.125000000    34.125000000  2.917027579e+00  6.791634495e-01
   31.125000000    34.125000000  3.346811975e+00  6.998591036e-01
   32.125000000    34.125000000  3.440372924e+00  7.373332862e-01
   33.125000000    34.125000000  3.232556582e+00  7.586700752e-01
   34.125000000    34.125000000  3.105312882e+00  7.547085991e-01
   35.125000000    34.125000000  2.986322394e+00  7.424142098e-01
  -14.125000000    34.125000000  2.734155569e+00  4.713425381e-01
  -13.125000000    34.125000000  2.701817751e+00  4.564711467e-01
  -12.125000000    34.125000000  2.784748405e+00  4.461925606e-01
  -11.125000000    34.125000000  2.834764196e+00  4.443573007e-01
  -10.125000000    34.125000000  2.746398617e+00  4.453659006e-01
   -9.125000000    34.125000000  2.614019195e+00  4.382196911e-01
   -8.125000000    34.125000000  2.594981585e+00  4.314818554e-01
   -7.125000000    34.125000000  2.663118874e+00  4.375256329e-01
   12.125000000    35.125000000  2.502038116e+00  7.062716083e-01
   13.125000000    35.125000000  2.658012230e+00  7.348015023e-01
   14.125000000    35.125000000  2.812102066e+00  7.744063005e-01
   15.125000000    35.125000000  2.898067573e+00  7.895749095e-01
   16.125000000    35.125000000  2.981954493e+00  7.861242361e-01
   17.125000000    35.125000000  3.008972025e+00  7.822541431e-01
   18.125000000    35.125000000  2.809413959e+00  7.676677126e-01
   19.125000000    35.125000000  2.419151973e+00  7.367335570e-01
   20.125000000    35.125000000  2.197725304e+00  7.132073605e-01
   21.125000000    35.125000000  2.209885537e+00  7.193309537e-01
   22.125000000    35.125000000  2.278132404e+00  7.219649242e-01
   23.125000000    35.125000000  2.192672789e+00  7.040217631e-01
   27.125000000    35.125000000  1.255814642e+00  7.007020380e-01
   28.125000000    35.125000000  1.917182563e+00  6.404288443e-01
   29.125000000    35.125000000  2.426990029e+00  6.264518772e-01
   30.125000000    35.125000000  2.811704129e+00  6.395987566e-01
   31.125000000    35.125000000  3.270821557e+00  6.681055446e-01
   35.125000000    35.125000000  2.909484327e+00  7.171352102e-01
  -14.125000000    35.125000000  2.678327336e+00  4.939206132e-01
  -13.125000000    35.125000000  2.617729663e+00  4.774212206e-01
  -12.125000000    35.125000000  2.611743632e+00  4.600775409e-01
  -11.125000000    35.125000000  2.665610449e+00  4.568473706e-01
  -10.125000000    35.125000000  2.648743547e+00  4.577102155e-01
   -9.125000000    35.125000000  2.535949555e+00  4.370261154e-01
   -8.125000000    35.125000000  2.527551946e+00  4.146891084e-01
   -7.125000000    35.125000000  2.651839055e+00  4.193423297e-01
   11.125000000    36.125000000  2.703842063e+00  6.628815466e-01
   12.125000000    36.125000000  2.616214356e+00  6.619815150e-01
   13.125000000    36.125000000  2.676632545e+00  6.825231391e-01
   15.125000000    36.125000000  3.193905635e+00  7.209911616e-01
   16.125000000    36.125000000  3.552419473e+00  7.300788391e-01
   17.125000000    36.125000000  3.807783206e+00  7.507040591e-01
   18.125000000    36.125000000  3.801783384e+00  7.543411982e-01
   19.125000000    36.125000000  3.371949445e+00  7.307734669e-01
   20.125000000    36.125000000  2.860806871e+00  7.056082011e-01
   21.125000000    36.125000000  2.616411728e+00  7.155512651e-01
   22.125000000    36.125000000  2.691913161e+00  7.379638107e-01
   24.125000000    36.125000000  2.950091741e+00  7.255806392e-01
   26.125000000    36.125000000  2.736694197e+00  6.663566067e-01
   27.125000000    36.125000000  2.527344455e+00  6.420985999e-01
   29.125000000    36.125000000  2.622442510e+00  6.292097332e-01
   31.125000000    36.125000000  3.075206923e+00  6.738152464e-01
   32.125000000    36.125000000  3.216790716e+00  7.034173741e-01
   35.125000000    36.125000000  2.839307234e+00  7.068358813e-01
  -14.125000000    36.125000000  2.700905807e+00  4.648305343e-01
  -13.125000000    36.125000000  2.669801698e+00  4.491741679e-01
  -12.125000000    36.125000000  2.588979042e+00  4.365725746e-01
  -11.125000000    36.125000000  2.562207341e+00  4.412311412e-01
  -10.125000000    36.125000000  2.589227084e+00  4.458149283e-01
   -9.125000000    36.125000000  2.588739626e+00  4.274978923e-01
   -8.125000000    36.125000000  2.649907691e+00  4.064085813e-01
   -7.125000000    36.125000000  2.799108568e+00  4.148717629e-01
   -4.125000000    36.125000000  3.084581086e+00  5.629902311e-01
   -3.125000000    36.125000000  2.644515581e+00  6.086021528e-01
   -2.125000000    36.125000000  2.098437845e+00  6.655721688e-01
   -1.125000000    36.125000000  1.955215988e+00  6.495455814e-01
   -0.125000000    36.125000000  2.045755510e+00  6.393926847e-01
    0.125000000    37.125000000  2.608262624e+00  7.730729431e-01
    1.125000000    37.125000000  2.698406790e+00  7.480819653e-01
    2.125000000    37.125000000  2.758774777e+00  7.286756948e-01
    3.125000000    37.125000000  2.559918375e+00  7.291947440e-01
    4.125000000    37.125000000  2.296576812e+00  7.514144631e-01
    5.125000000    37.125000000  2.325678434e+00  7.840501644e-01
   12.125000000    37.125000000  3.031782824e+00  6.014513310e-01
   13.125000000    37.125000000  3.088746980e+00  6.039983439e-01
   16.125000000    37.125000000  3.954051071e+00  6.670447952e-01
   17.125000000    37.125000000  4.230632356e+00  7.133362716e-01
   18.125000000    37.125000000  4.206651817e+00  7.374124784e-01
   19.125000000    37.125000000  3.761314364e+00  7.122726106e-01
   20.125000000    37.125000000  3.199208428e+00  6.734612966e-01
   24.125000000    37.125000000  3.214374497e+00  7.156604434e-01
   26.125000000    37.125000000  3.182563151e+00  6.368260693e-01
  -14.125000000    37.125000000  2.674580023e+00  4.254754840e-01
  -13.125000000    37.125000000  2.656824689e+00  4.170370169e-01
  -12.125000000    37.125000000  2.525762016e+00  4.154573966e-01
  -11.125000000    37.125000000  2.451864209e+00  4.238046023e-01
  -10.125000000    37.125000000  2.555531521e+00  4.316642735e-01
   -1.125000000    37.125000000  2.047695488e+00  6.382978336e-01
   -0.125000000    37.125000000  2.114019791e+00  6.433758293e-01
    0.125000000    38.125000000  2.147277492e+00  7.293523717e-01
    1.125000000    38.125000000  2.165233255e+00  7.282201973e-01
    2.125000000    38.125000000  2.206069240e+00  7.360045019e-01
    3.125000000    38.125000000  2.157976608e+00  7.521666143e-01
    4.125000000    38.125000000  2.099006016e+00  7.838711288e-01
    5.125000000    38.125000000  2.215780441e+00  8.202793527e-01
    6.125000000    38.125000000  2.456818144e+00  8.049482414e-01
    7.125000000    38.125000000  2.607429230e+00  7.105063473e-01
    8.125000000    38.125000000  2.630591376e+00  6.060512343e-01
    9.125000000    38.125000000  2.765869562e+00  5.472072810e-01
   10.125000000    38.125000000  3.084614413e+00  5.632494562e-01
   11.125000000    38.125000000  3.296337564e+00  5.951681828e-01
   17.125000000    38.125000000  4.431237117e+00  6.815713682e-01
   18.125000000    38.125000000  4.351049829e+00  7.039781712e-01
   19.125000000    38.125000000  3.916909611e+00  6.732598679e-01
  -14.125000000    38.125000000  2.665386669e+00  4.047907438e-01
  -13.125000000    38.125000000  2.637575133e+00  4.055921991e-01
  -12.125000000    38.125000000  2.537522909e+00  4.108409041e-01
  -11.125000000    38.125000000  2.515774264e+00  4.167339089e-01
  -10.125000000    38.125000000  2.635173415e+00  4.247138130e-01
   -9.125000000    38.125000000  2.774640375e+00  4.310805251e-01
   -0.125000000    38.125000000  2.353927776e+00  6.375498868e-01
    0.125000000    39.125000000  2.114676119e+00  6.877140487e-01
    2.125000000    39.125000000  1.819159697e+00  7.336319329e-01
    4.125000000    39.125000000  2.048931947e+00  8.014361231e-01
    5.125000000    39.125000000  2.229139321e+00  8.312882900e-01
    6.125000000    39.125000000  2.337086830e+00  8.187123646e-01
    7.125000000    39.125000000  2.458804043e+00  7.405612886e-01
   10.125000000    39.125000000  3.229120931e+00  6.143245003e-01
   11.125000000    39.125000000  3.440360529e+00  6.483246537e-01
   12.125000000    39.125000000  3.510210847e+00  6.466254258e-01
   13.125000000    39.125000000  3.606487338e+00  6.237460883e-01
   14.125000000    39.125000000  3.747646521e+00  5.992728967e-01
   15.125000000    39.125000000  3.829003025e+00  5.796892405e-01
   18.125000000    39.125000000  4.313800463e+00  6.491777872e-01
   19.125000000    39.125000000  3.931963210e+00  6.248224685e-01
   25.125000000    39.125000000  2.594050536e+00  6.342725209e-01
  -14.125000000    39.125000000  2.767400426e+00  3.990652711e-01
  -13.125000000    39.125000000  2.726232217e+00  3.958468537e-01
  -12.125000000    39.125000000  2.663974028e+00  3.998507725e-01
  -11.125000000    39.125000000  2.660600857e+00  4.032161545e-01
  -10.125000000    39.125000000  2.708029920e+00  4.112160675e-01
    1.125000000    40.125000000  2.227707340e+00  6.852460865e-01
    2.125000000    40.125000000  1.922629350e+00  7.222063478e-01
    5.125000000    40.125000000  2.436669292e+00  8.145757341e-01
    6.125000000    40.125000000  2.418032405e+00  8.071359582e-01
    7.125000000    40.125000000  2.461728413e+00  7.545315315e-01
    8.125000000    40.125000000  2.649187387e+00  6.866253470e-01
   10.125000000    40.125000000  3.274644295e+00  6.692761196e-01
   11.125000000    40.125000000  3.497558869e+00  6.856671775e-01
   12.125000000    40.125000000  3.594035287e+00  6.600193919e-01
   13.125000000    40.125000000  3.646932350e+00  6.155127024e-01
   14.125000000    40.125000000  3.689897514e+00  5.805772876e-01
   17.125000000    40.125000000  4.207131377e+00  6.022663790e-01
   19.125000000    40.125000000  3.752885749e+00  5.854695755e-01
  -14.125000000    40.125000000  2.822695950e+00  4.010865214e-01
  -13.125000000    40.125000000  2.773925010e+00  3.867420423e-01
  -12.125000000    40.125000000  2.696470015e+00  3.808499102e-01
  -11.125000000    40.125000000  2.673275378e+00  3.794522519e-01
  -10.125000000    40.125000000  2.688723188e+00  3.871793245e-01
    3.125000000    41.125000000  2.236705998e+00  7.243395568e-01
    4.125000000    41.125000000  2.541930908e+00  7.368738069e-01
    5.125000000    41.125000000  2.718344045e+00  7.452771941e-01
    6.125000000    41.125000000  2.637975935e+00  7.377376319e-01
    7.125000000    41.125000000  2.553846032e+00  7.159666399e-01
   10.125000000    41.125000000  3.112025930e+00  6.352357114e-01
   11.125000000    41.125000000  3.363128800e+00  6.340182644e-01
   12.125000000    41.125000000  3.551031986e+00  6.095510519e-01
   18.125000000    41.125000000  3.701569629e+00  5.554819551e-01
   19.125000000    41.125000000  3.599953907e+00  5.599417721e-01
  -14.125000000    41.125000000  2.794848154e+00  4.034061851e-01
  -13.125000000    41.125000000  2.734257974e+00  3.893439223e-01
  -12.125000000    41.125000000  2.627026138e+00  3.724860215e-01
  -11.125000000    41.125000000  2.593522236e+00  3.603620786e-01
  -10.125000000    41.125000000  2.619775140e+00  3.642965233e-01
   -9.125000000    41.125000000  2.626713604e+00  3.889771773e-01
    4.125000000    42.125000000  2.828477630e+00  6.304841600e-01
    5.125000000    42.125000000  2.918401331e+00  6.298176385e-01
    6.125000000    42.125000000  2.806362309e+00  6.299881267e-01
    7.125000000    42.125000000  2.623380417e+00  6.377714161e-01
    8.125000000    42.125000000  2.585152125e+00  6.392709415e-01
   10.125000000    42.125000000  3.064678658e+00  5.830171572e-01
   16.125000000    42.125000000  3.406699021e+00  5.478882615e-01
   17.125000000    42.125000000  3.390587515e+00  5.400446437e-01
   18.125000000    42.125000000  3.454620349e+00  5.411101111e-01
   29.125000000    42.125000000  2.271543897e-01  7.533644371e-01
   30.125000000    42.125000000 -3.519268051e-02  7.967227354e-01
   31.125000000    42.125000000 -1.754540138e-01  8.296711385e-01
   32.125000000    42.125000000 -2.164194177e-01  8.438682881e-01
   36.125000000    42.125000000 -9.155186756e-01  8.626209090e-01
   37.125000000    42.125000000 -1.117853539e+00  8.928259180e-01
   38.125000000    42.125000000 -9.792505863e-01  9.102805765e-01
   39.125000000    42.125000000 -5.182592382e-01  8.985137161e-01
   40.125000000    42.125000000 -9.002387747e-02  8.807315013e-01
   41.125000000    42.125000000 -1.072291774e-02  8.760041372e-01
  -14.125000000    42.125000000  2.659911972e+00  4.059461039e-01
  -13.125000000    42.125000000  2.619361118e+00  4.013166606e-01
  -12.125000000    42.125000000  2.556720458e+00  3.787684343e-01
  -11.125000000    42.125000000  2.550321144e+00  3.542613901e-01
  -10.125000000    42.125000000  2.566620029e+00  3.520596853e-01
    4.125000000    43.125000000  3.021069049e+00  5.567346619e-01
    7.125000000    43.125000000  2.706265024e+00  5.754401140e-01
    8.125000000    43.125000000  2.675152127e+00  5.963580061e-01
    9.125000000    43.125000000  2.875815624e+00  6.020039214e-01
   10.125000000    43.125000000  3.127092553e+00  5.830599120e-01
   14.125000000    43.125000000  3.415312646e+00  6.107057150e-01
   15.125000000    43.125000000  3.369284787e+00  5.851972577e-01
   29.125000000    43.125000000  1.039538886e-01  7.757185440e-01
   30.125000000    43.125000000 -1.286984870e-01  8.054695892e-01
   31.125000000    43.125000000 -2.551122288e-01  8.329964434e-01
   32.125000000    43.125000000 -3.150918502e-01  8.427010299e-01
   33.125000000    43.125000000 -2.728317254e-01  8.425584540e-01
   34.125000000    43.125000000 -2.773993668e-01  8.531212085e-01
   35.125000000    43.125000000 -5.690683186e-01  8.721404824e-01
   36.125000000    43.125000000 -9.446583053e-01  8.949185910e-01
   37.125000000    43.125000000 -1.160724956e+00  9.194050685e-01
   38.125000000    43.125000000 -1.098709589e+00  9.255526325e-01
   39.125000000    43.125000000 -6.962015729e-01  9.010160603e-01
  -14.125000000    43.125000000  2.267558782e+00  4.034934077e-01
  -13.125000000    43.125000000  2.321688855e+00  4.050349803e-01
  -12.125000000    43.125000000  2.424137088e+00  3.845705197e-01
  -11.125000000    43.125000000  2.497202927e+00  3.590093918e-01
  -10.125000000    43.125000000  2.529823062e+00  3.545760968e-01
    9.125000000    44.125000000  2.921250580e+00  5.989221700e-01
   13.125000000    44.125000000  3.337968785e+00  6.534715958e-01
   14.125000000    44.125000000  3.284359939e+00  6.399987520e-01
   29.125000000    44.125000000  2.314481808e-01  7.894306492e-01
   30.125000000    44.125000000  3.377087908e-02  8.003057695e-01
   31.125000000    44.125000000 -1.622203092e-01  8.122409967e-01
   32.125000000    44.125000000 -3.057141778e-01  8.159638858e-01
   33.125000000    44.125000000 -3.091079239e-01  8.155937304e-01
   34.125000000    44.125000000 -2.975087858e-01  8.343501307e-01
   35.125000000    44.125000000 -4.995449514e-01  8.599490056e-01
   36.125000000    44.125000000 -7.505943005e-01  8.784893446e-01
   37.125000000    44.125000000 -8.863464516e-01  8.998274494e-01
   38.125000000    44.125000000 -8.947542491e-01  9.126513090e-01
  -14.125000000    44.125000000  2.038220682e+00  3.998051897e-01
  -13.125000000    44.125000000  2.132772815e+00  4.003969323e-01
  -12.125000000    44.125000000  2.263240461e+00  3.834139060e-01
  -11.125000000    44.125000000  2.336529124e+00  3.658177969e-01
  -10.125000000    44.125000000  2.444498861e+00  3.634081726e-01
   -9.125000000    44.125000000  2.583853383e+00  3.771638418e-01
   -8.125000000    44.125000000  2.615669210e+00  4.002171788e-01
   -7.125000000    44.125000000  2.529472773e+00  4.164220747e-01
   -6.125000000    44.125000000  2.403660501e+00  4.222761487e-01
   -5.125000000    44.125000000  2.256936958e+00  4.256819102e-01
   -4.125000000    44.125000000  2.163971104e+00  4.298982964e-01
   -3.125000000    44.125000000  2.177085503e+00  4.407479781e-01
   -2.125000000    44.125000000  2.203270447e+00  4.629440099e-01
   13.125000000    45.125000000  3.339786571e+00  6.574884610e-01
   31.125000000    45.125000000 -7.443310063e-02  8.075849786e-01
   32.125000000    45.125000000 -2.910876657e-01  8.024743188e-01
  -14.125000000    45.125000000  2.197126323e+00  3.949439839e-01
  -13.125000000    45.125000000  2.298187446e+00  3.945453109e-01
  -12.125000000    45.125000000  2.305597879e+00  3.820766773e-01
  -11.125000000    45.125000000  2.276146679e+00  3.681247789e-01
  -10.125000000    45.125000000  2.361711450e+00  3.646567323e-01
   -9.125000000    45.125000000  2.475950784e+00  3.741642301e-01
   -8.125000000    45.125000000  2.491396313e+00  3.898446214e-01
   -7.125000000    45.125000000  2.420382552e+00  3.976348175e-01
   -6.125000000    45.125000000  2.347189231e+00  4.010077714e-01
   -5.125000000    45.125000000  2.274400427e+00  4.129913430e-01
   -4.125000000    45.125000000  2.216348437e+00  4.328393559e-01
   -3.125000000    45.125000000  2.190532930e+00  4.569558672e-01
   -2.125000000    45.125000000  2.142934774e+00  4.858374311e-01
   31.125000000    46.125000000 -8.543360323e-02  8.148010019e-01
   36.125000000    46.125000000 -8.079035107e-01  8.902277203e-01
   37.125000000    46.125000000 -7.992433534e-01  8.997139483e-01
  -14.125000000    46.125000000  2.310528835e+00  3.853340093e-01
  -13.125000000    46.125000000  2.379177307e+00  3.839077351e-01
  -12.125000000    46.125000000  2.403579078e+00  3.807202062e-01
  -11.125000000    46.125000000  2.413343079e+00  3.701697360e-01
  -10.125000000    46.125000000  2.393171412e+00  3.674137930e-01
   -9.125000000    46.125000000  2.330616195e+00  3.809962330e-01
   -8.125000000    46.125000000  2.312818884e+00  3.979374874e-01
   -7.125000000    46.125000000  2.289645965e+00  4.032104639e-01
   -6.125000000    46.125000000  2.251887353e+00  4.054461085e-01
   -5.125000000    46.125000000  2.226499608e+00  4.221401254e-01
   -4.125000000    46.125000000  2.218260225e+00  4.549430914e-01
   -3.125000000    46.125000000  2.187905962e+00  4.946861582e-01
   -2.125000000    46.125000000  2.086559547e+00  5.294088265e-01
  -14.125000000    47.125000000  2.206976067e+00  3.845150449e-01
  -13.125000000    47.125000000  2.008861653e+00  3.810220659e-01
  -12.125000000    47.125000000  2.063040367e+00  3.802797399e-01
  -11.125000000    47.125000000  2.286556555e+00  3.748310495e-01
  -10.125000000    47.125000000  2.385792651e+00  3.823515786e-01
   -9.125000000    47.125000000  2.315759613e+00  4.055190510e-01
   -8.125000000    47.125000000  2.280193754e+00  4.265474435e-01
   -7.125000000    47.125000000  2.260216386e+00  4.379622125e-01
   -6.125000000    47.125000000  2.205251188e+00  4.472414168e-01
   -5.125000000    47.125000000  2.158458328e+00  4.667028709e-01
   -4.125000000    47.125000000  2.152370269e+00  5.001521077e-01
  -14.125000000    48.125000000  2.154575997e+00  3.844661662e-01
  -13.125000000    48.125000000  1.700026109e+00  3.804514736e-01
  -12.125000000    48.125000000  1.713540752e+00  3.835335408e-01
  -11.125000000    48.125000000  2.038040726e+00  3.924706023e-01
  -10.125000000    48.125000000  2.275085460e+00  4.172818948e-01
   -9.125000000    48.125000000  2.299819687e+00  4.486492735e-01
   -8.125000000    48.125000000  2.276486495e+00  4.711239301e-01
   -7.125000000    48.125000000  2.263141642e+00  4.866876888e-01
   -6.125000000    48.125000000  2.217216675e+00  5.027945567e-01
  -14.125000000    49.125000000  2.204599745e+00  3.951784182e-01
  -13.125000000    49.125000000  1.853591167e+00  3.757580001e-01
  -12.125000000    49.125000000  1.890073414e+00  3.870590706e-01
  -11.125000000    49.125000000  2.113314076e+00  4.220849407e-01
  -10.125000000    49.125000000  2.226971803e+00  4.592157673e-01
   -9.125000000    49.125000000  2.181772043e+00  4.861899063e-01
   -8.125000000    49.125000000  2.149800341e+00  5.026703792e-01
   -7.125000000    49.125000000  2.180859122e+00  5.170417753e-01
   -6.125000000    49.125000000  2.173999917e+00  5.405495364e-01
   -5.125000000    49.125000000  2.142899520e+00  5.767452719e-01
   -4.125000000    49.125000000  2.134941271e+00  6.183430393e-01
   -3.125000000    49.125000000  2.037067030e+00  6.640646990e-01
    0.125000000    50.125000000  1.001376118e+00  8.990619554e-01
  -14.125000000    50.125000000  2.107833900e+00  4.012025781e-01
  -13.125000000    50.125000000  2.102603465e+00  3.647395919e-01
  -12.125000000    50.125000000  2.175437183e+00  3.788668533e-01
  -11.125000000    50.125000000  2.236381710e+00  4.331740829e-01
  -10.125000000    50.125000000  2.180075019e+00  4.773142276e-01
   -9.125000000    50.125000000  2.033089496e+00  5.014549755e-01
   -8.125000000    50.125000000  1.981475089e+00  5.194125546e-01
   -7.125000000    50.125000000  2.054747105e+00  5.398408182e-01
   -6.125000000    50.125000000  2.071257117e+00  5.685694598e-01
   -3.125000000    50.125000000  2.035406656e+00  6.685775577e-01
   -2.125000000    50.125000000  2.195409095e+00  6.882581098e-01
   -1.125000000    50.125000000  2.453530498e+00  7.195993867e-01
   -0.125000000    50.125000000  2.545668800e+00  7.534806460e-01
  -14.125000000    51.125000000  1.951055206e+00  3.953218818e-01
  -13.125000000    51.125000000  2.135357347e+00  3.700824820e-01
  -12.125000000    51.125000000  2.191591655e+00  3.871678872e-01
  -11.125000000    51.125000000  2.183927205e+00  4.417927207e-01
  -10.125000000    51.125000000  2.104596908e+00  4.885161195e-01
   -9.125000000    51.125000000  1.971978776e+00  5.148017943e-01
   -8.125000000    51.125000000  1.941106430e+00  5.415568503e-01
   -7.125000000    51.125000000  2.032121869e+00  5.725918635e-01
   -6.125000000    51.125000000  2.002475455e+00  6.041396672e-01
   -5.125000000    51.125000000  1.812403804e+00  6.321955375e-01
    2.125000000    52.125000000  1.583839210e+00  8.939625795e-01
    3.125000000    52.125000000  1.719398195e+00  9.379234356e-01
  -14.125000000    52.125000000  1.952594788e+00  4.000868317e-01
  -13.125000000    52.125000000  2.129856726e+00  3.957827881e-01
  -12.125000000    52.125000000  2.134240636e+00  4.152212106e-01
  -11.125000000    52.125000000  2.098552425e+00  4.633669529e-01
    2.125000000    53.125000000  1.854689181e+00  9.084821088e-01
    3.125000000    53.125000000  1.906938380e+00  9.459156310e-01
    4.125000000    53.125000000  2.012971478e+00  9.937704146e-01
  -14.125000000    53.125000000  1.976032501e+00  4.029754362e-01
  -13.125000000    53.125000000  2.244210623e+00  4.103839847e-01
  -12.125000000    53.125000000  2.253281547e+00  4.283505096e-01
  -11.125000000    53.125000000  2.159159562e+00  4.702566697e-01
   -5.125000000    53.125000000  2.322834070e+00  6.950336342e-01
    1.125000000    54.125000000  2.185238200e+00  8.784729766e-01
    2.125000000    54.125000000  2.208013332e+00  9.102481169e-01
    3.125000000    54.125000000  2.287860650e+00  9.503954097e-01
    4.125000000    54.125000000  2.374186233e+00  9.960314011e-01
    5.125000000    54.125000000  2.446512017e+00  1.063159397e+00
    6.125000000    54.125000000  2.443540923e+00  1.161693675e+00
    7.125000000    54.125000000  2.534607284e+00  1.249010503e+00
  -14.125000000    54.125000000  1.884518679e+00  4.057490532e-01
  -13.125000000    54.125000000  2.409785032e+00  4.185952567e-01
  -12.125000000    54.125000000  2.515045938e+00  4.245410883e-01
  -11.125000000    54.125000000  2.340125743e+00  4.480621840e-01
   -5.125000000    54.125000000  2.828852471e+00  7.120654903e-01
    0.125000000    55.125000000  2.421170096e+00  8.492178683e-01
    1.125000000    55.125000000  2.447412935e+00  8.633149304e-01
    2.125000000    55.125000000  2.528626385e+00  8.957226033e-01
    3.125000000    55.125000000  2.623044656e+00  9.326270698e-01
    4.125000000    55.125000000  2.699039796e+00  9.721260935e-01
    5.125000000    55.125000000  2.772969427e+00  1.034081002e+00
    6.125000000    55.125000000  2.802776128e+00  1.137472092e+00
    7.125000000    55.125000000  2.844702067e+00  1.238530407e+00
   13.125000000    55.125000000  3.044504146e+00  1.069967611e+00
   14.125000000    55.125000000  2.894379615e+00  1.208790178e+00
   16.125000000    55.125000000  2.862377532e+00  1.388005623e+00
   17.125000000    55.125000000  2.901003812e+00  1.449391449e+00
  -14.125000000    55.125000000  1.709206287e+00  4.116388608e-01
  -13.125000000    55.125000000  2.326288772e+00  4.171401807e-01
  -12.125000000    55.125000000  2.560472959e+00  4.054489636e-01
  -11.125000000    55.125000000  2.376515847e+00  4.126090038e-01
  -10.125000000    55.125000000  2.208549213e+00  4.631357806e-01
   -9.125000000    55.125000000  2.253685005e+00  5.354367955e-01
   -1.125000000    55.125000000  2.540699922e+00  7.894979949e-01
   -0.125000000    55.125000000  2.546836203e+00  8.071215454e-01
    0.125000000    56.125000000  2.743109109e+00  8.414108264e-01
    1.125000000    56.125000000  2.763600222e+00  8.540417948e-01
    2.125000000    56.125000000  2.819840696e+00  8.787478896e-01
    3.125000000    56.125000000  2.891487493e+00  9.002239209e-01
    4.125000000    56.125000000  2.960521877e+00  9.199925257e-01
    5.125000000    56.125000000  3.052997934e+00  9.583724723e-01
    6.125000000    56.125000000  3.130454885e+00  1.037705642e+00
    7.125000000    56.125000000  3.162863194e+00  1.128557753e+00
   17.125000000    56.125000000  2.886883067e+00  1.447083521e+00
   18.125000000    56.125000000  2.979703369e+00  1.487829247e+00
  -14.125000000    56.125000000  1.441252436e+00  4.215401818e-01
  -13.125000000    56.125000000  1.890955367e+00  4.061437704e-01
  -12.125000000    56.125000000  2.240027853e+00  3.802508671e-01
  -11.125000000    56.125000000  2.221603815e+00  3.851529901e-01
  -10.125000000    56.125000000  2.153713982e+00  4.335676115e-01
   -9.125000000    56.125000000  2.241228331e+00  5.145743286e-01
   -8.125000000    56.125000000  2.354746966e+00  6.084317029e-01
   -7.125000000    56.125000000  2.525207406e+00  6.676014323e-01
   -2.125000000    56.125000000  2.582403250e+00  7.598782835e-01
   -1.125000000    56.125000000  2.635029950e+00  7.931290176e-01
   -0.125000000    56.125000000  2.674249625e+00  8.069163189e-01
    0.125000000    57.125000000  2.922003174e+00  8.182591043e-01
    1.125000000    57.125000000  2.957480870e+00  8.297927278e-01
    2.125000000    57.125000000  3.036208705e+00  8.460411503e-01
    3.125000000    57.125000000  3.109131475e+00  8.430051334e-01
    4.125000000    57.125000000  3.151188753e+00  8.281718928e-01
    5.125000000    57.125000000  3.207860428e+00  8.306958106e-01
    6.125000000    57.125000000  3.281412965e+00  8.685407780e-01
    7.125000000    57.125000000  3.355383663e+00  9.244132048e-01
    8.125000000    57.125000000  3.420221290e+00  9.366478032e-01
  -14.125000000    57.125000000  1.184054823e+00  4.306867092e-01
  -13.125000000    57.125000000  1.502603646e+00  4.105541885e-01
  -12.125000000    57.125000000  1.916904529e+00  3.869313805e-01
  -11.125000000    57.125000000  2.099309153e+00  3.897119787e-01
  -10.125000000    57.125000000  2.150585962e+00  4.266645068e-01
   -9.125000000    57.125000000  2.267927196e+00  4.983682494e-01
   -8.125000000    57.125000000  2.399207354e+00  5.969791880e-01
   -1.125000000    57.125000000  2.716482013e+00  7.923309980e-01
   -0.125000000    57.125000000  2.770857823e+00  7.985770003e-01
    0.125000000    58.125000000  2.870811108e+00  7.728702155e-01
    1.125000000    58.125000000  2.921584058e+00  7.743836440e-01
    2.125000000    58.125000000  3.017740106e+00  7.662778538e-01
    3.125000000    58.125000000  3.076444942e+00  7.328930499e-01
    4.125000000    58.125000000  3.090595558e+00  6.992342753e-01
    5.125000000    58.125000000  3.141333581e+00  6.969082282e-01
    6.125000000    58.125000000  3.237067245e+00  7.186717161e-01
    9.125000000    58.125000000  3.574630515e+00  7.693039569e-01
   10.125000000    58.125000000  3.570110452e+00  8.144599687e-01
   18.125000000    58.125000000  3.302857253e+00  1.470739553e+00
  -14.125000000    58.125000000  9.991006928e-01  4.356249297e-01
  -13.125000000    58.125000000  1.370261146e+00  4.222442060e-01
  -12.125000000    58.125000000  1.842588408e+00  4.060117397e-01
  -11.125000000    58.125000000  2.123507669e+00  4.036656468e-01
  -10.125000000    58.125000000  2.182254505e+00  4.224964929e-01
   -9.125000000    58.125000000  2.283400828e+00  4.671369930e-01
   -8.125000000    58.125000000  2.432454272e+00  5.468442245e-01
   -3.125000000    58.125000000  2.888182925e+00  7.788411940e-01
   -2.125000000    58.125000000  2.840364131e+00  7.882372243e-01
   -1.125000000    58.125000000  2.791842555e+00  7.812228901e-01
   -0.125000000    58.125000000  2.790034822e+00  7.758155234e-01
    0.125000000    59.125000000  2.758368206e+00  7.185335526e-01
    1.125000000    59.125000000  2.794626404e+00  7.052817164e-01
    2.125000000    59.125000000  2.846733290e+00  6.709673832e-01
    3.125000000    59.125000000  2.860310032e+00  6.278876442e-01
    4.125000000    59.125000000  2.872967972e+00  6.161451920e-01
  -14.125000000    59.125000000  7.353744024e-01  4.387010267e-01
  -13.125000000    59.125000000  1.374192473e+00  4.301826438e-01
  -12.125000000    59.125000000  1.923873276e+00  4.188692835e-01
  -11.125000000    59.125000000  2.236236079e+00  4.133446473e-01
  -10.125000000    59.125000000  2.276872497e+00  4.156202188e-01
   -9.125000000    59.125000000  2.313742638e+00  4.286330441e-01
   -8.125000000    59.125000000  2.419517606e+00  4.694907753e-01
   -7.125000000    59.125000000  2.519899689e+00  5.352312885e-01
   -5.125000000    59.125000000  2.621246508e+00  6.550389183e-01
   -2.125000000    59.125000000  2.894087124e+00  7.687353158e-01
   -1.125000000    59.125000000  2.789393977e+00  7.565050976e-01
   -0.125000000    59.125000000  2.736923837e+00  7.454431604e-01
    0.125000000    60.125000000  2.681405911e+00  6.555858265e-01
    1.125000000    60.125000000  2.701299026e+00  6.391130346e-01
    2.125000000    60.125000000  2.710698430e+00  6.010975037e-01
    3.125000000    60.125000000  2.700183864e+00  5.704038617e-01
    4.125000000    60.125000000  2.747560632e+00  5.909787536e-01
  -14.125000000    60.125000000  2.522973287e-01  4.306427950e-01
  -13.125000000    60.125000000  1.236885530e+00  4.265173736e-01
  -12.125000000    60.125000000  1.909999205e+00  4.249389575e-01
  -11.125000000    60.125000000  2.281164534e+00  4.217603290e-01
  -10.125000000    60.125000000  2.379305723e+00  4.178402944e-01
   -9.125000000    60.125000000  2.366940413e+00  4.192748694e-01
   -8.125000000    60.125000000  2.377155342e+00  4.364157389e-01
   -7.125000000    60.125000000  2.418503868e+00  4.720386619e-01
   -6.125000000    60.125000000  2.449223880e+00  5.152223041e-01
   -5.125000000    60.125000000  2.469122247e+00  5.558644116e-01
   -4.125000000    60.125000000  2.566828360e+00  5.964799541e-01
   -3.125000000    60.125000000  2.726392020e+00  6.429835298e-01
   -0.125000000    60.125000000  2.679799979e+00  6.959015779e-01
    0.125000000    61.125000000  2.613763615e+00  5.831791244e-01
    1.125000000    61.125000000  2.620046195e+00  5.674968141e-01
    2.125000000    61.125000000  2.605465556e+00  5.359903036e-01
    3.125000000    61.125000000  2.598551205e+00  5.271430321e-01
    4.125000000    61.125000000  2.696845116e+00  5.798054625e-01
  -14.125000000    61.125000000 -1.355219216e-03  4.113614098e-01
  -13.125000000    61.125000000  1.084816447e+00  4.132524158e-01
  -12.125000000    61.125000000  1.809751986e+00  4.238881277e-01
  -11.125000000    61.125000000  2.239472918e+00  4.284185358e-01
  -10.125000000    61.125000000  2.417217826e+00  4.288628453e-01
   -9.125000000    61.125000000  2.404783807e+00  4.369128364e-01
   -8.125000000    61.125000000  2.360143925e+00  4.599762277e-01
   -7.125000000    61.125000000  2.362001372e+00  4.884721609e-01
   -6.125000000    61.125000000  2.362023016e+00  5.063411298e-01
   -5.125000000    61.125000000  2.347855742e+00  5.166546719e-01
   -4.125000000    61.125000000  2.410090748e+00  5.300641113e-01
   -3.125000000    61.125000000  2.587607428e+00  5.465763242e-01
   -2.125000000    61.125000000  2.755012663e+00  5.700680144e-01
   -1.125000000    61.125000000  2.745923856e+00  5.957400302e-01
   -0.125000000    61.125000000  2.671065094e+00  6.087199758e-01
    0.125000000    62.125000000  2.571762100e+00  5.476842245e-01
    1.125000000    62.125000000  2.570455793e+00  5.304558826e-01
    2.125000000    62.125000000  2.557714145e+00  5.016183543e-01
    3.125000000    62.125000000  2.587217519e+00  4.986421643e-01
    4.125000000    62.125000000  2.719854348e+00  5.557534759e-01
   18.125000000    62.125000000  3.796187768e+00  1.497256425e+00
  -14.125000000    62.125000000  4.382757992e-01  4.021880528e-01
  -13.125000000    62.125000000  1.365673253e+00  4.102514505e-01
  -12.125000000    62.125000000  1.927794816e+00  4.263084055e-01
  -11.125000000    62.125000000  2.244735818e+00  4.382587517e-01
  -10.125000000    62.125000000  2.397335458e+00  4.516471898e-01
   -9.125000000    62.125000000  2.410909415e+00  4.763919653e-01
   -8.125000000    62.125000000  2.404885552e+00  5.126769870e-01
   -5.125000000    62.125000000  2.276597312e+00  5.424132815e-01
   -4.125000000    62.125000000  2.333532816e+00  5.438938457e-01
   -3.125000000    62.125000000  2.555020575e+00  5.518942677e-01
   -2.125000000    62.125000000  2.776963775e+00  5.593347817e-01
   -1.125000000    62.125000000  2.756319952e+00  5.654364102e-01
   -0.125000000    62.125000000  2.644959514e+00  5.712595760e-01
    0.125000000    63.125000000  2.656218600e+00  6.104245477e-01
    1.125000000    63.125000000  2.665236009e+00  5.951745131e-01
    2.125000000    63.125000000  2.683111819e+00  5.623893522e-01
    3.125000000    63.125000000  2.745671882e+00  5.281722690e-01
    4.125000000    63.125000000  2.849934084e+00  5.265657155e-01
    5.125000000    63.125000000  2.908660159e+00  5.663535815e-01
    6.125000000    63.125000000  2.902082646e+00  6.208451008e-01
   20.125000000    63.125000000  4.159123900e+00  1.483647905e+00
  -14.125000000    63.125000000  1.146720709e+00  4.245305807e-01
  -13.125000000    63.125000000  1.778204802e+00  4.360188230e-01
  -12.125000000    63.125000000  2.098918941e+00  4.479511597e-01
  -11.125000000    63.125000000  2.241077063e+00  4.633103831e-01
  -10.125000000    63.125000000  2.320885347e+00  4.949303012e-01
   -9.125000000    63.125000000  2.377163385e+00  5.374936926e-01
   -8.125000000    63.125000000  2.446986630e+00  5.761854481e-01
   -7.125000000    63.125000000  2.443745990e+00  6.019807920e-01
   -6.125000000    63.125000000  2.301337757e+00  6.092199558e-01
   -5.125000000    63.125000000  2.140496551e+00  6.081826686e-01
   -4.125000000    63.125000000  2.136407875e+00  6.106676730e-01
   -3.125000000    63.125000000  2.340966230e+00  6.207757536e-01
   -2.125000000    63.125000000  2.578114831e+00  6.350991502e-01
   -1.125000000    63.125000000  2.613503594e+00  6.429786081e-01
   -0.125000000    63.125000000  2.551891802e+00  6.454591148e-01
    0.125000000    64.125000000  2.639345751e+00  6.911598133e-01
    1.125000000    64.125000000  2.668075350e+00  6.820215584e-01
    2.125000000    64.125000000  2.728656273e+00  6.488878714e-01
    3.125000000    64.125000000  2.810902117e+00  5.856776620e-01
    4.125000000    64.125000000  2.873764632e+00  5.248874524e-01
    5.125000000    64.125000000  2.880779149e+00  5.050871012e-01
    6.125000000    64.125000000  2.871718057e+00  5.424369235e-01
    7.125000000    64.125000000  2.917990889e+00  6.056764077e-01
    8.125000000    64.125000000  3.016702796e+00  6.625598912e-01
   22.125000000    64.125000000  4.428095844e+00  1.486333994e+00
  -14.125000000    64.125000000  1.417957009e+00  4.745268618e-01
  -13.125000000    64.125000000  1.724151487e+00  4.756654844e-01
  -12.125000000    64.125000000  1.915270103e+00  4.690445369e-01
  -11.125000000    64.125000000  2.022818531e+00  4.763114963e-01
  -10.125000000    64.125000000  2.087394423e+00  5.145746331e-01
   -9.125000000    64.125000000  2.171002012e+00  5.630958752e-01
   -8.125000000    64.125000000  2.276991057e+00  5.988543060e-01
   -7.125000000    64.125000000  2.274679170e+00  6.246386902e-01
   -6.125000000    64.125000000  2.108261243e+00  6.428207994e-01
   -5.125000000    64.125000000  1.909299974e+00  6.546388731e-01
   -4.125000000    64.125000000  1.839243020e+00  6.625215890e-01
   -3.125000000    64.125000000  1.951662637e+00  6.699672469e-01
   -2.125000000    64.125000000  2.142432736e+00  6.812234949e-01
   -1.125000000    64.125000000  2.277068065e+00  6.954572682e-01
   -0.125000000    64.125000000  2.327403928e+00  7.036943265e-01
    0.125000000    65.125000000  2.374960808e+00  7.109414887e-01
    1.125000000    65.125000000  2.407007298e+00  6.964932377e-01
    2.125000000    65.125000000  2.492669385e+00  6.528538969e-01
    3.125000000    65.125000000  2.615530823e+00  5.816312330e-01
    4.125000000    65.125000000  2.707956117e+00  5.134941607e-01
    5.125000000    65.125000000  2.753420568e+00  4.785220498e-01
    6.125000000    65.125000000  2.795882625e+00  4.964058631e-01
    7.125000000    65.125000000  2.879268881e+00  5.421069734e-01
    8.125000000    65.125000000  2.993563119e+00  5.842401059e-01
    9.125000000    65.125000000  3.090422490e+00  6.303007140e-01
   10.125000000    65.125000000  3.201635879e+00  6.969478134e-01
   38.125000000    65.125000000  4.962530184e+00  8.165054561e-01
   39.125000000    65.125000000  5.186858363e+00  8.389965163e-01
  -12.125000000    65.125000000  1.507799080e+00  4.803096848e-01
  -11.125000000    65.125000000  1.640214518e+00  4.704819825e-01
  -10.125000000    65.125000000  1.723325944e+00  4.886213706e-01
   -9.125000000    65.125000000  1.812480355e+00  5.187962661e-01
   -8.125000000    65.125000000  1.933907802e+00  5.529389230e-01
   -7.125000000    65.125000000  1.994259770e+00  5.961176618e-01
   -6.125000000    65.125000000  1.927333635e+00  6.374705738e-01
   -5.125000000    65.125000000  1.801564585e+00  6.621965541e-01
   -4.125000000    65.125000000  1.710361379e+00  6.723107810e-01
   -3.125000000    65.125000000  1.675854545e+00  6.776960387e-01
   -2.125000000    65.125000000  1.710037025e+00  6.865224075e-01
   -1.125000000    65.125000000  1.845149947e+00  6.999155674e-01
   -0.125000000    65.125000000  1.958862740e+00  7.082485362e-01
    0.125000000    66.125000000  2.239814123e+00  6.958664204e-01
    1.125000000    66.125000000  2.250417581e+00  6.680391152e-01
    2.125000000    66.125000000  2.350436505e+00  6.108519895e-01
    3.125000000    66.125000000  2.551444103e+00  5.524927464e-01
    4.125000000    66.125000000  2.718615182e+00  5.087454280e-01
    5.125000000    66.125000000  2.804699643e+00  4.830017446e-01
    6.125000000    66.125000000  2.866315896e+00  4.889010816e-01
    7.125000000    66.125000000  2.974394324e+00  5.139211444e-01
    8.125000000    66.125000000  3.138653332e+00  5.359766528e-01
    9.125000000    66.125000000  3.289464822e+00  5.654650880e-01
   10.125000000    66.125000000  3.445166277e+00  6.306147732e-01
   11.125000000    66.125000000  3.688117553e+00  7.275542944e-01
   35.125000000    66.125000000  4.398050379e+00  7.400714877e-01
   36.125000000    66.125000000  4.285483217e+00  7.511324795e-01
  -14.125000000    66.125000000  1.103012059e+00  5.181893059e-01
  -13.125000000    66.125000000  1.183973798e+00  5.042412403e-01
  -12.125000000    66.125000000  1.317822642e+00  4.864047599e-01
  -11.125000000    66.125000000  1.450849218e+00  4.732965579e-01
  -10.125000000    66.125000000  1.538776093e+00  4.695532004e-01
   -9.125000000    66.125000000  1.625432068e+00  4.793651052e-01
   -8.125000000    66.125000000  1.762895602e+00  5.153547332e-01
   -7.125000000    66.125000000  1.899190594e+00  5.774661001e-01
   -6.125000000    66.125000000  1.952945733e+00  6.375236319e-01
   -5.125000000    66.125000000  1.922760873e+00  6.701029771e-01
   -4.125000000    66.125000000  1.815643248e+00  6.821601912e-01
   -3.125000000    66.125000000  1.632276721e+00  6.907864397e-01
   -2.125000000    66.125000000  1.529778455e+00  7.008926247e-01
   -1.125000000    66.125000000  1.681429665e+00  7.091116043e-01
   -0.125000000    66.125000000  1.854664348e+00  7.128632579e-01
    0.125000000    67.125000000  2.423036014e+00  7.025091237e-01
    1.125000000    67.125000000  2.429760202e+00  6.688784712e-01
    2.125000000    67.125000000  2.554811049e+00  6.090499118e-01
    3.125000000    67.125000000  2.805034464e+00  5.676083750e-01
    4.125000000    67.125000000  3.018804280e+00  5.484189529e-01
    5.125000000    67.125000000  3.131237892e+00  5.376003591e-01
    6.125000000    67.125000000  3.190145912e+00  5.443852230e-01
    7.125000000    67.125000000  3.314658559e+00  5.660367853e-01
    8.125000000    67.125000000  3.540236146e+00  5.763201126e-01
    9.125000000    67.125000000  3.727791531e+00  5.733922150e-01
   10.125000000    67.125000000  3.886752758e+00  6.036003315e-01
   11.125000000    67.125000000  4.152363363e+00  6.929544355e-01
   12.125000000    67.125000000  4.394078944e+00  7.742783621e-01
   42.125000000    67.125000000  4.991161772e+00  8.285367804e-01
   43.125000000    67.125000000  5.113279901e+00  8.227325169e-01
  -14.125000000    67.125000000  1.037718199e+00  4.860034563e-01
  -13.125000000    67.125000000  1.206988717e+00  4.882643567e-01
  -12.125000000    67.125000000  1.375030328e+00  4.903597262e-01
  -11.125000000    67.125000000  1.502802785e+00  4.871949479e-01
  -10.125000000    67.125000000  1.579847417e+00  4.810489217e-01
   -9.125000000    67.125000000  1.659957737e+00  4.854637472e-01
   -8.125000000    67.125000000  1.798550326e+00  5.186408763e-01
   -7.125000000    67.125000000  1.963364563e+00  5.823017908e-01
   -6.125000000    67.125000000  2.076364310e+00  6.477072200e-01
   -5.125000000    67.125000000  2.093150686e+00  6.848855603e-01
   -4.125000000    67.125000000  1.988849207e+00  6.996594337e-01
   -3.125000000    67.125000000  1.817229230e+00  7.108507727e-01
   -2.125000000    67.125000000  1.792998776e+00  7.208175402e-01
   -1.125000000    67.125000000  2.035018852e+00  7.247729163e-01
   -0.125000000    67.125000000  2.242249161e+00  7.256243458e-01
    0.125000000    68.125000000  2.862135307e+00  7.528736093e-01
    1.125000000    68.125000000  2.936659741e+00  7.337743472e-01
    2.125000000    68.125000000  3.122084264e+00  6.973684144e-01
    3.125000000    68.125000000  3.329059273e+00  6.698278830e-01
    4.125000000    68.125000000  3.501203286e+00  6.582803908e-01
    5.125000000    68.125000000  3.635177350e+00  6.565016535e-01
    6.125000000    68.125000000  3.696130220e+00  6.738284462e-01
    7.125000000    68.125000000  3.778322927e+00  7.056648762e-01
    8.125000000    68.125000000  3.954645283e+00  7.144545317e-01
    9.125000000    68.125000000  4.076361931e+00  6.796021189e-01
   10.125000000    68.125000000  4.191200689e+00  6.392581718e-01
   11.125000000    68.125000000  4.478753516e+00  6.500122480e-01
   12.125000000    68.125000000  4.757955376e+00  6.992060760e-01
   41.125000000    68.125000000  5.640698492e+00  8.587473561e-01
   42.125000000    68.125000000  5.525946424e+00  8.480054582e-01
   43.125000000    68.125000000  5.530847795e+00  8.340302974e-01
  -14.125000000    68.125000000  1.007756580e+00  4.659934631e-01
  -13.125000000    68.125000000  1.245121232e+00  4.785903767e-01
  -12.125000000    68.125000000  1.447192351e+00  4.891681163e-01
  -11.125000000    68.125000000  1.581049197e+00  4.925323650e-01
  -10.125000000    68.125000000  1.650174063e+00  4.922574955e-01
   -9.125000000    68.125000000  1.712345808e+00  4.993054256e-01
   -8.125000000    68.125000000  1.834205559e+00  5.290115951e-01
   -7.125000000    68.125000000  2.013168323e+00  5.876628905e-01
   -6.125000000    68.125000000  2.173151588e+00  6.530404335e-01
   -5.125000000    68.125000000  2.224047820e+00  6.928076529e-01
   -4.125000000    68.125000000  2.151508711e+00  7.087790374e-01
   -3.125000000    68.125000000  2.096667263e+00  7.219377793e-01
   -2.125000000    68.125000000  2.237591809e+00  7.359655448e-01
   -1.125000000    68.125000000  2.537234712e+00  7.447738316e-01
   -0.125000000    68.125000000  2.722243893e+00  7.484080916e-01
    0.125000000    69.125000000  3.470363752e+00  8.202344292e-01
    1.125000000    69.125000000  3.598035547e+00  8.260033586e-01
    2.125000000    69.125000000  3.809406244e+00  8.280115894e-01
    3.125000000    69.125000000  3.917736171e+00  8.134734320e-01
    4.125000000    69.125000000  3.984816487e+00  7.974526285e-01
    5.125000000    69.125000000  4.118705546e+00  7.875451305e-01
    6.125000000    69.125000000  4.202602144e+00  7.955913975e-01
    7.125000000    69.125000000  4.214565050e+00  8.089887651e-01
    8.125000000    69.125000000  4.222336348e+00  7.938529925e-01
    9.125000000    69.125000000  4.172647219e+00  7.470763075e-01
   10.125000000    69.125000000  4.223047736e+00  6.893911233e-01
   11.125000000    69.125000000  4.536205459e+00  6.381203597e-01
   12.125000000    69.125000000  4.821864937e+00  6.050645292e-01
   13.125000000    69.125000000  4.849619761e+00  5.977204083e-01
   14.125000000    69.125000000  4.714320316e+00  6.045211666e-01
   37.125000000    69.125000000  5.590166283e+00  7.956395203e-01
   38.125000000    69.125000000  5.777172556e+00  8.030236292e-01
   39.125000000    69.125000000  5.967993854e+00  8.118848712e-01
   40.125000000    69.125000000  6.075256546e+00  8.270772886e-01
   41.125000000    69.125000000  6.035601218e+00  8.391908044e-01
   42.125000000    69.125000000  5.932696223e+00  8.413825228e-01
   43.125000000    69.125000000  5.831889390e+00  8.323984823e-01
   44.125000000    69.125000000  5.730313794e+00  8.174501638e-01
  -14.125000000    69.125000000  1.058613718e+00  4.648762993e-01
  -13.125000000    69.125000000  1.267495193e+00  4.741605391e-01
  -12.125000000    69.125000000  1.452478357e+00  4.830060362e-01
  -11.125000000    69.125000000  1.583400026e+00  4.883543210e-01
  -10.125000000    69.125000000  1.653597951e+00  4.920056077e-01
   -9.125000000    69.125000000  1.711641076e+00  5.016457982e-01
   -8.125000000    69.125000000  1.833697281e+00  5.289322157e-01
   -7.125000000    69.125000000  2.041821989e+00  5.806573599e-01
   -6.125000000    69.125000000  2.257736779e+00  6.406139318e-01
   -5.125000000    69.125000000  2.369540769e+00  6.788992917e-01
   -4.125000000    69.125000000  2.391016371e+00  6.964377953e-01
   -3.125000000    69.125000000  2.496085666e+00  7.185711304e-01
   -2.125000000    69.125000000  2.787058608e+00  7.492288611e-01
   -1.125000000    69.125000000  3.127349098e+00  7.737984531e-01
   -0.125000000    69.125000000  3.295350173e+00  7.844330768e-01
    0.125000000    70.125000000  3.900972145e+00  8.386310884e-01
    1.125000000    70.125000000  3.999068797e+00  8.521177100e-01
    2.125000000    70.125000000  4.162879622e+00  8.654318665e-01
    3.125000000    70.125000000  4.227736091e+00  8.541917696e-01
    4.125000000    70.125000000  4.240265619e+00  8.355526504e-01
    5.125000000    70.125000000  4.331237711e+00  8.185879005e-01
    6.125000000    70.125000000  4.431820135e+00  8.055549848e-01
    7.125000000    70.125000000  4.440326145e+00  7.834002143e-01
    8.125000000    70.125000000  4.308027088e+00  7.408507316e-01
    9.125000000    70.125000000  4.074426965e+00  6.920594824e-01
   10.125000000    70.125000000  4.016995088e+00  6.491834037e-01
   11.125000000    70.125000000  4.253253558e+00  6.079447211e-01
   12.125000000    70.125000000  4.468435649e+00  5.637478924e-01
   13.125000000    70.125000000  4.471630497e+00  5.249611112e-01
   14.125000000    70.125000000  4.366903866e+00  5.092595378e-01
   15.125000000    70.125000000  4.304537022e+00  5.247803030e-01
   16.125000000    70.125000000  4.395187976e+00  5.723056009e-01
   17.125000000    70.125000000  4.609477871e+00  6.410907969e-01
   33.125000000    70.125000000  4.999372108e+00  7.345747051e-01
   34.125000000    70.125000000  5.108564331e+00  7.367239193e-01
   35.125000000    70.125000000  5.175900420e+00  7.352272893e-01
   36.125000000    70.125000000  5.211318729e+00  7.273391277e-01
   37.125000000    70.125000000  5.246327152e+00  7.144748029e-01
   38.125000000    70.125000000  5.325448796e+00  7.030809219e-01
   39.125000000    70.125000000  5.457026560e+00  7.038027903e-01
   40.125000000    70.125000000  5.609212735e+00  7.235822971e-01
   41.125000000    70.125000000  5.720177339e+00  7.536810240e-01
   42.125000000    70.125000000  5.746321013e+00  7.757507177e-01
   43.125000000    70.125000000  5.689420404e+00  7.811212936e-01
   44.125000000    70.125000000  5.580359949e+00  7.761693982e-01
  -14.125000000    70.125000000  1.145590606e+00  4.696844642e-01
  -13.125000000    70.125000000  1.272067879e+00  4.727504526e-01
  -12.125000000    70.125000000  1.406837567e+00  4.784661450e-01
  -11.125000000    70.125000000  1.523334174e+00  4.835594301e-01
  -10.125000000    70.125000000  1.599679902e+00  4.873586430e-01
   -9.125000000    70.125000000  1.678022599e+00  4.956914802e-01
   -8.125000000    70.125000000  1.823513281e+00  5.161768629e-01
   -7.125000000    70.125000000  2.046564679e+00  5.530978240e-01
   -6.125000000    70.125000000  2.279561789e+00  5.984473051e-01
   -5.125000000    70.125000000  2.452098988e+00  6.327944268e-01
   -4.125000000    70.125000000  2.617227772e+00  6.552671723e-01
   -3.125000000    70.125000000  2.900532625e+00  6.868351381e-01
   -2.125000000    70.125000000  3.303845411e+00  7.310284310e-01
   -1.125000000    70.125000000  3.663883078e+00  7.689097405e-01
   -0.125000000    70.125000000  3.820335271e+00  7.858599153e-01
    0.125000000    71.125000000  3.881349270e+00  7.554066898e-01
    1.125000000    71.125000000  3.929097624e+00  7.650024450e-01
    2.125000000    71.125000000  4.022539176e+00  7.764524888e-01
    3.125000000    71.125000000  4.088455457e+00  7.755752209e-01
    4.125000000    71.125000000  4.142090212e+00  7.692638016e-01
    5.125000000    71.125000000  4.257450911e+00  7.608306949e-01
    6.125000000    71.125000000  4.389646304e+00  7.433279738e-01
    7.125000000    71.125000000  4.389048419e+00  7.110993737e-01
    8.125000000    71.125000000  4.150107630e+00  6.653180387e-01
    9.125000000    71.125000000  3.790409896e+00  6.146014652e-01
   10.125000000    71.125000000  3.601432882e+00  5.704391083e-01
   11.125000000    71.125000000  3.665573948e+00  5.356038454e-01
   12.125000000    71.125000000  3.775745013e+00  5.041567602e-01
   13.125000000    71.125000000  3.822489349e+00  4.764162200e-01
   14.125000000    71.125000000  3.871522654e+00  4.621751790e-01
   15.125000000    71.125000000  4.001484102e+00  4.705025458e-01
   16.125000000    71.125000000  4.254578688e+00  5.095875660e-01
   17.125000000    71.125000000  4.583492930e+00  5.794366666e-01
   18.125000000    71.125000000  4.888221713e+00  6.380128012e-01
   19.125000000    71.125000000  5.072041392e+00  6.598644443e-01
   20.125000000    71.125000000  5.086314518e+00  6.630511600e-01
   21.125000000    71.125000000  4.955953834e+00  6.577581278e-01
   22.125000000    71.125000000  4.770650420e+00  6.478859426e-01
   23.125000000    71.125000000  4.640283705e+00  6.505628468e-01
   29.125000000    71.125000000  4.868020166e+00  6.889236514e-01
   30.125000000    71.125000000  4.693381221e+00  6.907268778e-01
   31.125000000    71.125000000  4.609882765e+00  6.883486436e-01
   32.125000000    71.125000000  4.642932010e+00  6.864762848e-01
   33.125000000    71.125000000  4.714292142e+00  6.874884388e-01
   34.125000000    71.125000000  4.747401780e+00  6.854311706e-01
   35.125000000    71.125000000  4.703824747e+00  6.702911024e-01
   36.125000000    71.125000000  4.585927091e+00  6.418278194e-01
   37.125000000    71.125000000  4.451087742e+00  6.140287793e-01
   38.125000000    71.125000000  4.379869720e+00  6.004986404e-01
   39.125000000    71.125000000  4.418509078e+00  6.019397888e-01
   40.125000000    71.125000000  4.566165875e+00  6.162421930e-01
   41.125000000    71.125000000  4.770281159e+00  6.433998583e-01
   42.125000000    71.125000000  4.953266508e+00  6.729972753e-01
   43.125000000    71.125000000  5.064992055e+00  6.928501334e-01
   44.125000000    71.125000000  5.089709176e+00  7.024705819e-01
  -14.125000000    71.125000000  1.235633755e+00  4.828300408e-01
  -13.125000000    71.125000000  1.289016221e+00  4.843694393e-01
  -12.125000000    71.125000000  1.383661985e+00  4.892093702e-01
  -11.125000000    71.125000000  1.495849007e+00  4.932140345e-01
  -10.125000000    71.125000000  1.592766302e+00  4.951143269e-01
   -9.125000000    71.125000000  1.696046631e+00  4.996043326e-01
   -7.125000000    71.125000000  2.008053296e+00  5.284714663e-01
   -6.125000000    71.125000000  2.193834054e+00  5.522509283e-01
   -5.125000000    71.125000000  2.384952096e+00  5.748134562e-01
   -4.125000000    71.125000000  2.621704331e+00  5.948462959e-01
   -3.125000000    71.125000000  2.942624054e+00  6.225770188e-01
   -2.125000000    71.125000000  3.315708763e+00  6.613513133e-01
   -1.125000000    71.125000000  3.634112166e+00  6.978057263e-01
   -0.125000000    71.125000000  3.776664120e+00  7.150853908e-01
    0.125000000    72.125000000  3.427970816e+00  6.512287524e-01
    1.125000000    72.125000000  3.451014587e+00  6.561441947e-01
    2.125000000    72.125000000  3.500654823e+00  6.639747511e-01
    3.125000000    72.125000000  3.562216420e+00  6.694161754e-01
    4.125000000    72.125000000  3.672506183e+00  6.742622785e-01
    5.125000000    72.125000000  3.856519506e+00  6.780751357e-01
    6.125000000    72.125000000  3.994136248e+00  6.735415349e-01
    7.125000000    72.125000000  3.911219746e+00  6.538850574e-01
    8.125000000    72.125000000  3.600297213e+00  6.154111535e-01
    9.125000000    72.125000000  3.249536397e+00  5.648928134e-01
   10.125000000    72.125000000  3.062672571e+00  5.205414320e-01
   11.125000000    72.125000000  3.075324693e+00  4.896334644e-01
   12.125000000    72.125000000  3.170645916e+00  4.657177913e-01
   13.125000000    72.125000000  3.334785011e+00  4.477803025e-01
   14.125000000    72.125000000  3.626086898e+00  4.410029246e-01
   15.125000000    72.125000000  3.974387912e+00  4.506763752e-01
   16.125000000    72.125000000  4.271713317e+00  4.810188783e-01
   17.125000000    72.125000000  4.502629617e+00  5.224146505e-01
   18.125000000    72.125000000  4.702528687e+00  5.487199677e-01
   19.125000000    72.125000000  4.844686183e+00  5.541017838e-01
   20.125000000    72.125000000  4.877829262e+00  5.507346424e-01
   21.125000000    72.125000000  4.791950586e+00  5.466245366e-01
   22.125000000    72.125000000  4.643583599e+00  5.473260262e-01
   23.125000000    72.125000000  4.511980056e+00  5.593860768e-01
   24.125000000    72.125000000  4.430209668e+00  5.782531085e-01
   25.125000000    72.125000000  4.419665345e+00  5.915067715e-01
   26.125000000    72.125000000  4.481432346e+00  5.963402155e-01
   27.125000000    72.125000000  4.573620698e+00  6.013173572e-01
   28.125000000    72.125000000  4.626128966e+00  6.116626487e-01
   29.125000000    72.125000000  4.580758148e+00  6.216334537e-01
   30.125000000    72.125000000  4.458765609e+00  6.256476300e-01
   31.125000000    72.125000000  4.336537360e+00  6.248208182e-01
   32.125000000    72.125000000  4.262819215e+00  6.239598974e-01
   33.125000000    72.125000000  4.218808145e+00  6.250897308e-01
   34.125000000    72.125000000  4.132369122e+00  6.219326619e-01
   35.125000000    72.125000000  3.947467611e+00  6.057305708e-01
   36.125000000    72.125000000  3.694269245e+00  5.813576817e-01
   37.125000000    72.125000000  3.465003600e+00  5.666609239e-01
   38.125000000    72.125000000  3.340554646e+00  5.687933756e-01
   39.125000000    72.125000000  3.350869035e+00  5.775635968e-01
   40.125000000    72.125000000  3.484657452e+00  5.847549572e-01
   41.125000000    72.125000000  3.698912316e+00  5.931168480e-01
   42.125000000    72.125000000  3.933038649e+00  6.055989758e-01
   43.125000000    72.125000000  4.136119802e+00  6.190145261e-01
   44.125000000    72.125000000  4.276721288e+00  6.304446035e-01
  -14.125000000    72.125000000  1.467120914e+00  5.001526495e-01
  -13.125000000    72.125000000  1.486673094e+00  5.098692858e-01
  -12.125000000    72.125000000  1.585863910e+00  5.221242085e-01
  -11.125000000    72.125000000  1.737496662e+00  5.309453343e-01
  -10.125000000    72.125000000  1.885540913e+00  5.348096156e-01
   -9.125000000    72.125000000  1.995867670e+00  5.376092044e-01
   -8.125000000    72.125000000  2.063060462e+00  5.426296205e-01
   -7.125000000    72.125000000  2.108136416e+00  5.497111891e-01
   -6.125000000    72.125000000  2.176081838e+00  5.582611418e-01
   -5.125000000    72.125000000  2.299704675e+00  5.663811809e-01
   -4.125000000    72.125000000  2.486066644e+00  5.738279061e-01
   -3.125000000    72.125000000  2.715153924e+00  5.849041932e-01
   -2.125000000    72.125000000  2.962937250e+00  6.027107989e-01
   -1.125000000    72.125000000  3.183693996e+00  6.220994027e-01
   -0.125000000    72.125000000  3.290250129e+00  6.320711370e-01
    0.125000000    73.125000000  2.996085098e+00  6.190600527e-01
    1.125000000    73.125000000  3.011931730e+00  6.187538636e-01
    2.125000000    73.125000000  3.048709496e+00  6.175797442e-01
    3.125000000    73.125000000  3.102393620e+00  6.161940836e-01
    4.125000000    73.125000000  3.196859731e+00  6.175027973e-01
    5.125000000    73.125000000  3.317813112e+00  6.209117673e-01
    6.125000000    73.125000000  3.334625254e+00  6.217603341e-01
    7.125000000    73.125000000  3.152593090e+00  6.143056888e-01
    8.125000000    73.125000000  2.883026036e+00  5.918842064e-01
    9.125000000    73.125000000  2.692833819e+00  5.557101364e-01
   10.125000000    73.125000000  2.631030588e+00  5.187174050e-01
   11.125000000    73.125000000  2.678709249e+00  4.888461373e-01
   12.125000000    73.125000000  2.805853725e+00  4.648970631e-01
   13.125000000    73.125000000  3.057366588e+00  4.476219582e-01
   14.125000000    73.125000000  3.462268333e+00  4.406902413e-01
   15.125000000    73.125000000  3.874963639e+00  4.492884484e-01
   16.125000000    73.125000000  4.125995188e+00  4.687794079e-01
   17.125000000    73.125000000  4.220012081e+00  4.826653741e-01
   18.125000000    73.125000000  4.262792267e+00  4.850585118e-01
   19.125000000    73.125000000  4.308714432e+00  4.802614111e-01
   20.125000000    73.125000000  4.340242098e+00  4.727079510e-01
   21.125000000    73.125000000  4.299383299e+00  4.672027256e-01
   22.125000000    73.125000000  4.184410558e+00  4.674759233e-01
   23.125000000    73.125000000  4.068196795e+00  4.742895104e-01
   24.125000000    73.125000000  4.006315370e+00  4.848763022e-01
   25.125000000    73.125000000  4.017203176e+00  4.968722509e-01
   26.125000000    73.125000000  4.083901258e+00  5.108107499e-01
   27.125000000    73.125000000  4.169534161e+00  5.282359771e-01
   28.125000000    73.125000000  4.239523242e+00  5.472275906e-01
   29.125000000    73.125000000  4.256870441e+00  5.626417204e-01
   30.125000000    73.125000000  4.193448510e+00  5.713524418e-01
   31.125000000    73.125000000  4.067244050e+00  5.746111728e-01
   32.125000000    73.125000000  3.934571448e+00  5.763294446e-01
   33.125000000    73.125000000  3.816053473e+00  5.792134164e-01
   34.125000000    73.125000000  3.651343164e+00  5.818520039e-01
   35.125000000    73.125000000  3.381551581e+00  5.787946035e-01
   36.125000000    73.125000000  3.060203259e+00  5.697947598e-01
   37.125000000    73.125000000  2.802138396e+00  5.636021241e-01
   38.125000000    73.125000000  2.677027679e+00  5.651406736e-01
   39.125000000    73.125000000  2.682270360e+00  5.708250825e-01
   40.125000000    73.125000000  2.780942857e+00  5.767432943e-01
   41.125000000    73.125000000  2.932495756e+00  5.819924851e-01
   42.125000000    73.125000000  3.103881386e+00  5.873290655e-01
   43.125000000    73.125000000  3.284611001e+00  5.933562850e-01
   44.125000000    73.125000000  3.477522509e+00  6.003381089e-01
  -14.125000000    73.125000000  1.876720906e+00  5.155105460e-01
  -13.125000000    73.125000000  1.914486542e+00  5.318364263e-01
  -12.125000000    73.125000000  2.064803311e+00  5.565601562e-01
  -11.125000000    73.125000000  2.284336895e+00  5.809642048e-01
  -10.125000000    73.125000000  2.480834151e+00  5.973256857e-01
   -9.125000000    73.125000000  2.569154476e+00  6.045787633e-01
   -8.125000000    73.125000000  2.539137733e+00  6.078043995e-01
   -7.125000000    73.125000000  2.455209853e+00  6.104364329e-01
   -6.125000000    73.125000000  2.402009485e+00  6.128593859e-01
   -5.125000000    73.125000000  2.426855483e+00  6.134022379e-01
   -4.125000000    73.125000000  2.520497197e+00  6.114391256e-01
   -3.125000000    73.125000000  2.641896635e+00  6.105054135e-01
   -2.125000000    73.125000000  2.765956485e+00  6.132421134e-01
   -1.125000000    73.125000000  2.872459742e+00  6.178677453e-01
   -0.125000000    73.125000000  2.923405024e+00  6.203627335e-01
    0.125000000    74.125000000  2.933319024e+00  6.383486859e-01
    1.125000000    74.125000000  2.934381177e+00  6.355183249e-01
    2.125000000    74.125000000  2.945642400e+00  6.296842903e-01
    3.125000000    74.125000000  2.962934974e+00  6.226946386e-01
    4.125000000    74.125000000  2.963653833e+00  6.157367393e-01
    5.125000000    74.125000000  2.906920997e+00  6.074507324e-01
    6.125000000    74.125000000  2.747102301e+00  5.982219065e-01
    7.125000000    74.125000000  2.535812621e+00  5.911921439e-01
    8.125000000    74.125000000  2.419586963e+00  5.826361752e-01
    9.125000000    74.125000000  2.435469964e+00  5.640713055e-01
   10.125000000    74.125000000  2.493493753e+00  5.359777693e-01
   11.125000000    74.125000000  2.554826890e+00  5.059565983e-01
   12.125000000    74.125000000  2.662416645e+00  4.790938138e-01
   13.125000000    74.125000000  2.883824703e+00  4.590354371e-01
   14.125000000    74.125000000  3.215724247e+00  4.481293415e-01
   15.125000000    74.125000000  3.526269268e+00  4.499753069e-01
   16.125000000    74.125000000  3.662159676e+00  4.616656346e-01
   17.125000000    74.125000000  3.606738296e+00  4.716996422e-01
   18.125000000    74.125000000  3.465787069e+00  4.762698952e-01
   19.125000000    74.125000000  3.361249382e+00  4.764344565e-01
   20.125000000    74.125000000  3.345666104e+00  4.726026150e-01
   21.125000000    74.125000000  3.345606533e+00  4.670465548e-01
   22.125000000    74.125000000  3.298150021e+00  4.619646536e-01
   23.125000000    74.125000000  3.256140179e+00  4.586265247e-01
   24.125000000    74.125000000  3.288551694e+00  4.577776940e-01
   25.125000000    74.125000000  3.412937890e+00  4.608241468e-01
   26.125000000    74.125000000  3.598372586e+00  4.697788180e-01
   27.125000000    74.125000000  3.788033667e+00  4.857569887e-01
   28.125000000    74.125000000  3.931878690e+00  5.070234616e-01
   29.125000000    74.125000000  3.991931806e+00  5.282699638e-01
   30.125000000    74.125000000  3.935273085e+00  5.437605214e-01
   31.125000000    74.125000000  3.779743286e+00  5.521744529e-01
   32.125000000    74.125000000  3.605678436e+00  5.568578391e-01
   33.125000000    74.125000000  3.467904809e+00  5.610302335e-01
   34.125000000    74.125000000  3.321952478e+00  5.663567838e-01
   35.125000000    74.125000000  3.092466788e+00  5.703757275e-01
   36.125000000    74.125000000  2.803877679e+00  5.691314827e-01
   37.125000000    74.125000000  2.555525185e+00  5.643922102e-01
   38.125000000    74.125000000  2.417226089e+00  5.606371064e-01
   39.125000000    74.125000000  2.394256485e+00  5.594449890e-01
   40.125000000    74.125000000  2.455687258e+00  5.603623100e-01
   41.125000000    74.125000000  2.566499060e+00  5.629301728e-01
   42.125000000    74.125000000  2.705009916e+00  5.669044928e-01
   43.125000000    74.125000000  2.870338235e+00  5.731063778e-01
   44.125000000    74.125000000  3.072460139e+00  5.822179476e-01
  -14.125000000    74.125000000  2.407312123e+00  5.451247135e-01
  -13.125000000    74.125000000  2.410159273e+00  5.504193754e-01
  -12.125000000    74.125000000  2.600490791e+00  5.717300660e-01
  -11.125000000    74.125000000  2.823313244e+00  6.017177546e-01
  -10.125000000    74.125000000  2.996382014e+00  6.286487820e-01
   -9.125000000    74.125000000  3.049154418e+00  6.444169964e-01
   -8.125000000    74.125000000  2.988816179e+00  6.508725377e-01
   -7.125000000    74.125000000  2.889192913e+00  6.531236239e-01
   -6.125000000    74.125000000  2.817964687e+00  6.542209278e-01
   -5.125000000    74.125000000  2.798587457e+00  6.538555317e-01
   -4.125000000    74.125000000  2.816992049e+00  6.508497746e-01
   -3.125000000    74.125000000  2.852998345e+00  6.487798235e-01
   -2.125000000    74.125000000  2.895221041e+00  6.496645207e-01
   -1.125000000    74.125000000  2.929273917e+00  6.508704102e-01
   -0.125000000    74.125000000  2.943503852e+00  6.509886281e-01
