154
  -78.983333000    26.683333000  2.336089936e+00  2.665833753e+00
  -64.703333000    32.373333000  2.183642053e+00  1.851727159e+00
 -130.333333000    54.316667000  4.106269180e-01  1.270855047e+00
 -132.066667000    53.250000000  1.767690450e+00  1.078933514e+00
 -128.133333000    52.166667000  6.396524074e-01  1.322886853e+00
 -127.483333000    50.716667000  5.915398156e-01  1.276905797e+00
 -125.233333000    50.016667000 -3.282067497e-01  1.217603113e+00
 -123.250000000    49.333333000  1.994653209e+00  1.172427223e+00
 -123.116667000    49.283333000  2.778127483e+00  1.147516544e+00
 -123.450000000    48.650000000  1.709255749e+00  1.135672260e+00
 -123.366667000    48.416667000  2.252383708e+00  1.142266838e+00
 -125.133333000    48.850000000 -4.236274435e-01  1.325854152e+00
 -125.916667000    49.150000000  3.043828826e-01  1.393724976e+00
 -128.033333000    50.516667000  6.488991372e-01  1.508300262e+00
  -66.066667000    45.266667000 -1.470980011e+00  1.285805165e+00
  -66.133333000    43.833333000  5.119771241e+00  9.230052223e-01
  -63.583333000    44.666667000  6.753916155e+00  1.137578351e+00
  -60.250000000    46.216667000  4.735802767e+00  9.397254481e-01
  -61.857306000    47.378861000 -7.753024969e-01  2.543979367e+00
  -63.116667000    46.233333000  3.306375559e+00  9.502868613e-01
  -64.533333000    46.250000000 -1.392251282e-02  1.940670815e+00
  -64.883333000    47.083333000  3.822439606e+00  9.957975562e-01
  -65.850000000    47.900000000  2.341374987e+00  1.243964118e+00
  -64.383333000    49.000000000  1.332486105e+00  1.113870102e+00
  -68.516667000    48.483333000  1.250182675e+00  1.101456684e+00
  -70.816667000    47.000000000  8.269519742e-01  1.663460156e+00
  -71.166667000    46.833333000  3.835837638e+00  2.863541644e+00
  -71.566667000    46.700000000  3.506534926e+00  2.770394361e+00
  -70.366667000    47.450000000 -1.031615592e+00  1.348518971e+00
  -70.866667000    48.333333000  3.395175842e+00  2.298137081e+00
  -66.400000000    50.200000000 -2.009013334e+00  1.085415275e+00
  -59.133333000    47.566667000  3.933639532e+00  8.545667850e-01
  -53.200000000    49.083333000 -2.941388578e+00  2.313421290e+00
  -53.983333000    47.300000000  3.544442647e+00  9.356501548e-01
  -52.716667000    47.566667000  1.473288069e+00  1.186895855e+00
  -61.700000000    56.550000000 -5.587586497e+00  1.783887164e+00
  -94.183333000    58.766667000 -6.151245595e+00  1.623716389e+00
  -76.125000000    21.108333000  5.098178658e+00  1.311973063e+00
  -77.109500000    21.591333000  5.485440005e+00  1.513715658e+00
  -84.900000000    21.900000000  8.719787577e+00  1.558161175e+00
  -80.016667000    22.933333000  6.701611034e+00  1.676387159e+00
  -77.733333000    19.833333000  3.937007783e+00  1.187844855e+00
  -77.150000000    20.333333000  6.939687381e+00  2.495706347e+00
  -61.531399000    16.224400000  3.495169675e+00  1.881415182e+00
  -61.063202000    14.601500000  4.376919065e+00  2.654813831e+00
 -104.300000000    19.066667000 -7.509078770e+00  2.773692955e+00
  -99.916667000    16.833333000  1.464494657e+01  2.985087479e+00
  -65.471667000    18.093333000  5.822816379e+00  2.127933876e+00
  -67.045000000    17.970000000  3.974740883e+00  9.750831489e-01
  -66.115000000    18.458333000  4.373459734e+00  9.761321648e-01
  -67.938333000    18.090000000  2.804492238e+00  2.547224548e+00
 -152.511667000    57.731667000 -8.747275310e+00  1.166221927e+00
 -149.890000000    61.238333000 -1.961461881e+00  1.359795292e+00
 -151.396667000    60.683333000 -1.089975089e+01  1.296594742e+00
 -151.720000000    59.440000000 -7.964259501e+00  1.434831665e+00
 -149.426667000    60.120000000 -4.118966175e+00  1.444345845e+00
 -146.361667000    61.125000000 -9.456416271e+00  1.331229829e+00
 -145.751667000    60.558333000 -1.492143901e+00  1.340054478e+00
 -135.341667000    57.051667000 -6.232991563e+00  1.281177937e+00
 -134.411667000    58.298333000 -1.324238320e+01  1.322263845e+00
 -131.625000000    55.331667000 -2.294240661e+00  1.291900648e+00
 -124.611667000    48.366667000 -9.292199870e-01  1.388009312e+00
 -123.440000000    48.125000000  1.164347888e+00  1.261000687e+00
 -122.756667000    48.863333000  1.387871526e-01  1.128835657e+00
 -123.010000000    48.546667000  2.433245617e+00  1.138237551e+00
 -123.966667000    46.706667000 -2.660977416e+00  1.668836507e+00
 -122.338333000    47.601667000  2.060632213e+00  1.144135328e+00
 -122.756667000    48.111667000  2.457320079e+00  1.171505437e+00
 -123.768333000    46.206667000  1.800929308e+00  1.439120140e+00
 -124.041667000    44.625000000  2.841927062e+00  1.341081859e+00
 -124.321667000    43.345000000  1.428755969e+00  1.249736591e+00
 -124.498333000    42.738333000 -9.591641069e-01  1.528395915e+00
 -124.181667000    41.745000000 -1.782731158e+00  1.190957646e+00
 -124.216667000    40.766667000  5.754771065e+00  1.081160262e+00
 -123.706667000    38.913333000  2.516462914e+00  1.083979905e+00
 -122.976667000    37.995000000  3.521785370e+00  1.078811510e+00
 -122.465000000    37.806667000  2.216096242e+00  1.110098473e+00
 -122.298333000    37.771667000  1.222973472e+00  1.132331638e+00
 -122.040000000    38.055000000  1.209057065e+00  1.367567535e+00
 -122.211667000    37.506667000  3.829421609e+00  1.222412247e+00
 -121.886667000    36.605000000  3.385190710e+00  1.058089507e+00
 -120.760000000    35.176667000  3.287293619e+00  1.098216621e+00
 -119.685000000    34.408333000  6.971907742e+00  2.348174662e+00
 -118.500000000    34.008333000  4.622149660e+00  1.154582939e+00
 -118.271667000    33.720000000  3.677495903e+00  1.146608662e+00
 -117.256667000    32.866667000  5.452883098e+00  1.220227202e+00
 -117.173333000    32.713333000  6.119960069e+00  1.179004298e+00
  -97.215000000    26.060000000  3.686159365e+00  1.398437230e+00
  -97.046667000    28.021667000  6.920231712e+00  1.666659244e+00
  -94.788333000    29.285000000  2.851425099e+00  2.920648297e+00
  -94.793333000    29.310000000  7.672754876e+00  1.689821001e+00
  -93.870000000    29.728333000  7.338216032e+00  1.735538074e+00
  -97.216667000    27.583333000  6.325383252e+00  1.577630987e+00
  -89.956667000    29.263333000  9.214473199e+00  1.568519724e+00
  -88.075000000    30.250000000  5.683229002e+00  2.355393653e+00
  -87.210000000    30.403333000  4.995842530e+00  1.679055847e+00
  -85.666667000    30.151667000  5.355275151e+00  1.751273736e+00
  -84.981667000    29.726667000  4.938915838e+00  1.598833299e+00
  -83.031667000    29.135000000  8.142674768e+00  1.949933429e+00
  -82.831667000    27.978333000  7.025767640e+00  1.589387478e+00
  -82.626667000    27.760000000  5.550864696e+00  1.480001032e+00
  -81.870000000    26.646667000  5.241716383e+00  1.540367328e+00
  -81.806667000    26.131667000  5.322562205e+00  1.425387831e+00
  -81.806667000    24.555000000  5.555711632e+00  1.330166742e+00
  -81.105000000    24.711667000  5.678693836e+00  1.241216831e+00
  -80.161667000    25.730000000  5.485110482e+00  1.329111278e+00
  -81.428333000    30.398333000  5.939299948e+00  2.229139271e+00
  -80.591667000    28.415000000  6.268487265e+00  1.557313867e+00
  -81.465000000    30.671667000  3.596856415e+00  1.725049198e+00
  -80.901667000    32.033333000  6.025830202e+00  1.707130717e+00
  -79.925000000    32.781667000  5.757472209e+00  1.624169719e+00
  -78.918333000    33.655000000  4.214258982e+00  1.700567176e+00
  -77.953333000    34.226667000  4.430584893e+00  1.579303763e+00
  -76.670000000    34.720000000  5.346428917e+00  1.492438620e+00
  -75.746667000    36.183333000  3.940495748e+00  1.456539204e+00
  -75.548333000    35.795000000  5.636829281e+00  1.419330413e+00
  -76.113333000    36.966667000  5.239408392e+00  1.540504561e+00
  -76.330000000    36.946667000  4.981544046e+00  1.569935315e+00
  -76.068333000    38.573333000  3.751120296e+00  1.604385236e+00
  -76.465000000    37.995000000  4.946588520e+00  1.658633182e+00
  -77.021667000    38.873333000  3.255795994e+00  1.930614800e+00
  -76.451667000    38.316667000  6.486135006e+00  1.709064004e+00
  -76.480000000    38.983333000  4.161473109e+00  1.993257246e+00
  -76.578333000    39.266667000  4.096901389e+00  1.832619631e+00
  -75.988333000    37.165000000  3.824514727e+00  1.512610389e+00
  -75.120000000    38.781667000  4.187780266e+00  1.516945854e+00
  -75.091667000    38.328333000  4.577924655e+00  1.823295771e+00
  -75.141667000    39.933333000  3.679837777e+00  1.841593783e+00
  -75.573333000    39.558333000  1.728084371e+00  1.794738563e+00
  -74.960000000    38.968333000  4.625518428e+00  1.436502478e+00
  -74.418333000    39.355000000  3.199897630e+00  1.548861543e+00
  -76.245000000    39.213333000  3.446510823e+00  1.751108529e+00
  -74.008333000    40.466667000  4.616485758e+00  1.551385299e+00
  -74.013333000    40.700000000  3.262425750e+00  1.568743040e+00
  -74.141667000    40.636667000  3.614569903e+00  1.637810042e+00
  -71.960000000    41.048333000  3.239947311e+00  1.388685952e+00
  -73.765000000    40.810000000  4.735758306e+00  1.638635121e+00
  -73.181667000    41.173333000  3.240371049e+00  1.462978935e+00
  -72.090000000    41.360000000  3.078840364e+00  1.363426920e+00
  -71.400000000    41.806667000  2.966079683e+00  1.347188292e+00
  -71.326667000    41.505000000  3.155476857e+00  1.263234184e+00
  -70.671667000    41.523333000  3.905306868e+00  1.213107255e+00
  -70.096667000    41.285000000  4.729926170e+00  1.082440394e+00
  -71.053333000    42.353333000  4.439089103e+00  1.208431884e+00
  -70.711667000    43.071667000  9.194715933e-01  2.020158281e+00
  -70.710000000    43.071667000  9.194715933e-01  2.020158281e+00
  -70.246667000    43.656667000  2.955293374e+00  1.172004682e+00
  -68.205000000    44.391667000  2.544627936e+00  1.380242198e+00
  -67.296667000    44.641667000  6.504395585e+00  2.082123250e+00
  -66.981667000    44.903333000  3.804134107e+00  9.832177946e-01
  -64.920000000    18.335000000  3.907784397e+00  1.001140892e+00
  -64.753333000    17.693333000  3.686275586e+00  1.060846967e+00
  -64.705000000    17.750000000  2.179634870e+00  2.303567886e+00
  -64.723333000    18.316667000  5.001113356e+00  2.327231434e+00
