22
  -65.916667000   -47.750000000  3.231753617e+00  2.373748335e+00
  -57.516667000   -38.033333000  3.891734969e+00  1.559201197e+00
  -58.400000000   -34.566667000  7.631550499e-02  1.873980322e+00
  -43.166667000   -22.896667000  5.796420166e+00  1.320225607e+00
  -44.383333000    -2.566667000 -7.406531654e+00  1.918687034e+00
  -70.147778000   -20.204444000 -3.209226792e-01  1.141766224e+00
  -70.404444000   -23.653056000 -4.417000960e+00  1.248427038e+00
  -80.108611000   -26.292222000  4.782385667e+00  1.294722454e+00
  -71.625833000   -33.027222000 -3.675097946e+00  1.127502643e+00
  -78.829722000   -33.635833000  2.348331007e+00  1.304458964e+00
  -73.100000000   -36.683333000 -1.031681685e+01  1.061939888e+00
  -73.422778000   -39.878333000 -1.404377423e+00  1.361505888e+00
  -73.831944000   -41.866944000 -3.508284524e+00  1.427989561e+00
  -70.860278000   -53.123611000 -1.372263021e+00  1.686477557e+00
  -90.283333000    -0.433333000  6.717084458e-01  1.589022501e+00
  -57.820514000   -51.692358000 -6.443601494e-01  1.721465719e+00
  -52.586500000     5.284333000  6.664395047e-01  2.807796453e+00
  -61.063202000    14.601500000  4.376919065e+00  2.654813831e+00
  -79.566667000     8.966667000 -1.470335245e+00  1.727117485e+00
  -77.150000000   -12.050000000  2.953641974e-01  1.485032275e+00
  -56.250000000   -34.900000000 -2.656979978e+00  2.024644736e+00
  -54.150000000   -34.650000000  2.930615339e+00  2.435695363e+00
