150
  146.995000000   -43.095000000 1 0.0 1.0
  145.525000000   -42.935000000 1 0.0 1.0
  146.335000000   -43.475000000 1 0.0 1.0
  145.535000000   -42.505000000 1 0.0 1.0
  148.125000000   -40.855000000 1 0.0 1.0
  146.015000000   -43.245000000 1 0.0 1.0
  148.265000000   -41.505000000 1 0.0 1.0
  148.245000000   -41.855000000 1 0.0 1.0
  147.425000000   -42.785000000 1 0.0 1.0
  144.985000000   -41.735000000 1 0.0 1.0
  146.525000000   -41.275000000 1 0.0 1.0
  148.055000000   -42.155000000 1 0.0 1.0
  147.965000000   -42.355000000 1 0.0 1.0
  148.205000000   -41.435000000 1 0.0 1.0
  145.315000000   -42.555000000 1 0.0 1.0
  144.725000000   -40.765000000 1 0.0 1.0
  147.215000000   -42.815000000 1 0.0 1.0
  146.945000000   -41.075000000 1 0.0 1.0
  145.215000000   -42.215000000 1 0.0 1.0
  145.905000000   -43.155000000 1 0.0 1.0
  148.235000000   -41.965000000 1 0.0 1.0
  145.985000000   -43.235000000 1 0.0 1.0
  146.025000000   -43.375000000 1 0.0 1.0
  147.415000000   -42.805000000 1 0.0 1.0
  147.425000000   -42.815000000 1 0.0 1.0
  148.225000000   -41.845000000 1 0.0 1.0
  148.145000000   -42.655000000 1 0.0 1.0
  146.135000000   -43.415000000 1 0.0 1.0
  147.335000000   -43.155000000 1 0.0 1.0
  145.965000000   -43.235000000 1 0.0 1.0
  144.875000000   -40.715000000 1 0.0 1.0
  148.275000000   -42.025000000 1 0.0 1.0
  147.855000000   -42.595000000 1 0.0 1.0
  146.455000000   -41.165000000 1 0.0 1.0
  147.915000000   -42.375000000 1 0.0 1.0
  148.165000000   -41.305000000 1 0.0 1.0
  145.845000000   -43.245000000 1 0.0 1.0
  145.365000000   -42.135000000 1 0.0 1.0
  147.235000000   -43.355000000 1 0.0 1.0
  147.825000000   -43.125000000 1 0.0 1.0
  146.955000000   -43.465000000 1 0.0 1.0
  146.605000000   -41.175000000 1 0.0 1.0
  145.425000000   -42.475000000 1 0.0 1.0
  147.085000000   -41.045000000 1 0.0 1.0
  147.785000000   -43.215000000 1 0.0 1.0
  146.995000000   -43.105000000 1 0.0 1.0
  145.815000000   -41.065000000 1 0.0 1.0
  147.825000000   -43.195000000 1 0.0 1.0
  146.605000000   -41.295000000 1 0.0 1.0
  145.545000000   -40.905000000 1 0.0 1.0
  146.045000000   -41.895000000 2 0.0 1.0
  147.535000000   -42.125000000 2 0.0 1.0
  146.655000000   -41.835000000 2 0.0 1.0
  147.215000000   -41.355000000 2 0.0 1.0
  146.815000000   -41.955000000 2 0.0 1.0
  145.205000000   -41.305000000 2 0.0 1.0
  146.955000000   -42.015000000 2 0.0 1.0
  147.035000000   -42.445000000 2 0.0 1.0
  145.765000000   -42.375000000 2 0.0 1.0
  146.385000000   -41.695000000 2 0.0 1.0
  146.605000000   -42.235000000 2 0.0 1.0
  147.495000000   -41.065000000 2 0.0 1.0
  147.075000000   -42.995000000 2 0.0 1.0
  147.825000000   -42.035000000 2 0.0 1.0
  147.855000000   -41.965000000 2 0.0 1.0
  147.735000000   -41.615000000 2 0.0 1.0
  147.115000000   -42.095000000 2 0.0 1.0
  147.655000000   -41.555000000 2 0.0 1.0
  146.685000000   -42.845000000 2 0.0 1.0
  146.215000000   -42.705000000 2 0.0 1.0
  147.465000000   -41.325000000 2 0.0 1.0
  147.295000000   -41.125000000 2 0.0 1.0
  147.755000000   -41.615000000 2 0.0 1.0
  146.255000000   -42.875000000 2 0.0 1.0
  148.025000000   -40.845000000 2 0.0 1.0
  146.405000000   -42.605000000 2 0.0 1.0
  146.285000000   -42.505000000 2 0.0 1.0
  146.775000000   -42.135000000 2 0.0 1.0
  146.415000000   -42.165000000 2 0.0 1.0
  144.945000000   -40.925000000 2 0.0 1.0
  146.615000000   -43.185000000 2 0.0 1.0
  146.975000000   -42.465000000 2 0.0 1.0
  145.785000000   -41.895000000 2 0.0 1.0
  146.325000000   -42.875000000 2 0.0 1.0
  145.905000000   -42.175000000 2 0.0 1.0
  147.535000000   -42.285000000 2 0.0 1.0
  146.725000000   -42.355000000 2 0.0 1.0
  146.815000000   -43.175000000 2 0.0 1.0
  146.165000000   -42.225000000 2 0.0 1.0
  147.015000000   -42.025000000 2 0.0 1.0
  147.675000000   -41.335000000 2 0.0 1.0
  146.025000000   -41.145000000 2 0.0 1.0
  146.235000000   -42.325000000 2 0.0 1.0
  145.995000000   -41.705000000 2 0.0 1.0
  145.665000000   -41.815000000 2 0.0 1.0
  146.285000000   -41.485000000 2 0.0 1.0
  146.285000000   -42.345000000 2 0.0 1.0
  146.805000000   -43.355000000 2 0.0 1.0
  147.735000000   -42.265000000 2 0.0 1.0
  145.555000000   -41.405000000 2 0.0 1.0
  146.535000000   -40.175000000 3 0.0 1.0
  146.365000000   -40.145000000 3 0.0 1.0
  148.735000000   -43.285000000 3 0.0 1.0
  146.985000000   -40.585000000 3 0.0 1.0
  145.205000000   -40.585000000 3 0.0 1.0
  148.755000000   -42.325000000 3 0.0 1.0
  144.275000000   -40.755000000 3 0.0 1.0
  146.505000000   -40.815000000 3 0.0 1.0
  148.145000000   -42.955000000 3 0.0 1.0
  148.605000000   -42.955000000 3 0.0 1.0
  144.485000000   -41.155000000 3 0.0 1.0
  146.945000000   -40.115000000 3 0.0 1.0
  146.675000000   -43.965000000 3 0.0 1.0
  144.555000000   -42.945000000 3 0.0 1.0
  148.755000000   -40.275000000 3 0.0 1.0
  148.715000000   -42.845000000 3 0.0 1.0
  148.645000000   -40.515000000 3 0.0 1.0
  144.475000000   -43.755000000 3 0.0 1.0
  144.975000000   -43.665000000 3 0.0 1.0
  144.045000000   -42.085000000 3 0.0 1.0
  145.985000000   -43.655000000 3 0.0 1.0
  147.485000000   -43.975000000 3 0.0 1.0
  144.245000000   -40.905000000 3 0.0 1.0
  144.235000000   -43.485000000 3 0.0 1.0
  144.895000000   -43.915000000 3 0.0 1.0
  146.155000000   -40.725000000 3 0.0 1.0
  144.395000000   -41.155000000 3 0.0 1.0
  147.955000000   -43.445000000 3 0.0 1.0
  144.015000000   -41.665000000 3 0.0 1.0
  148.655000000   -43.945000000 3 0.0 1.0
  144.725000000   -41.915000000 3 0.0 1.0
  145.815000000   -43.525000000 3 0.0 1.0
  145.865000000   -40.415000000 3 0.0 1.0
  148.785000000   -43.565000000 3 0.0 1.0
  145.065000000   -40.105000000 3 0.0 1.0
  145.965000000   -40.765000000 3 0.0 1.0
  148.055000000   -43.515000000 3 0.0 1.0
  144.855000000   -42.035000000 3 0.0 1.0
  144.905000000   -42.715000000 3 0.0 1.0
  147.345000000   -40.185000000 3 0.0 1.0
  147.745000000   -40.555000000 3 0.0 1.0
  144.215000000   -41.875000000 3 0.0 1.0
  148.545000000   -42.795000000 3 0.0 1.0
  147.005000000   -43.815000000 3 0.0 1.0
  146.915000000   -40.115000000 3 0.0 1.0
  144.245000000   -40.165000000 3 0.0 1.0
  144.465000000   -41.145000000 3 0.0 1.0
  148.905000000   -41.775000000 3 0.0 1.0
  144.235000000   -41.225000000 3 0.0 1.0
  148.415000000   -42.755000000 3 0.0 1.0
