150
   146.995000000    -43.095000000 1      -3.280614685      1.000000000
   145.525000000    -42.935000000 1       1.998787590      1.000000000
   146.335000000    -43.475000000 1      -5.587812371      1.000000000
   145.535000000    -42.505000000 1       4.216484613      1.000000000
   148.125000000    -40.855000000 1      -2.318168124      1.000000000
   146.015000000    -43.245000000 1      -4.448619517      1.000000000
   148.265000000    -41.505000000 1      -2.580162541      1.000000000
   148.245000000    -41.855000000 1      -2.416632980      1.000000000
   147.425000000    -42.785000000 1      -4.772917342      1.000000000
   144.985000000    -41.735000000 1       4.008794387      1.000000000
   146.525000000    -41.275000000 1       6.141829803      1.000000000
   148.055000000    -42.155000000 1      -3.226963184      1.000000000
   147.965000000    -42.355000000 1      -5.427991716      1.000000000
   148.205000000    -41.435000000 1      -4.731496597      1.000000000
   145.315000000    -42.555000000 1       2.591667404      1.000000000
   144.725000000    -40.765000000 1       5.519334269      1.000000000
   147.215000000    -42.815000000 1      -5.904490968      1.000000000
   146.945000000    -41.075000000 1       7.046184112      1.000000000
   145.215000000    -42.215000000 1       3.893515287      1.000000000
   145.905000000    -43.155000000 1       1.824641268      1.000000000
   148.235000000    -41.965000000 1      -4.037473744      1.000000000
   145.985000000    -43.235000000 1       1.974338505      1.000000000
   146.025000000    -43.375000000 1      -5.587467697      1.000000000
   147.415000000    -42.805000000 1      -3.127776472      1.000000000
   147.425000000    -42.815000000 1      -1.792662180      1.000000000
   148.225000000    -41.845000000 1      -1.310894756      1.000000000
   148.145000000    -42.655000000 1      -2.820375104      1.000000000
   146.135000000    -43.415000000 1      -4.803064747      1.000000000
   147.335000000    -43.155000000 1      -4.989834639      1.000000000
   145.965000000    -43.235000000 1       4.032760755      1.000000000
   144.875000000    -40.715000000 1       5.786802967      1.000000000
   148.275000000    -42.025000000 1      -1.317041525      1.000000000
   147.855000000    -42.595000000 1      -2.362166432      1.000000000
   146.455000000    -41.165000000 1       3.248576255      1.000000000
   147.915000000    -42.375000000 1      -3.356239339      1.000000000
   148.165000000    -41.305000000 1      -2.530845628      1.000000000
   145.845000000    -43.245000000 1       1.288818462      1.000000000
   145.365000000    -42.135000000 1       5.083811022      1.000000000
   147.235000000    -43.355000000 1      -5.285579205      1.000000000
   147.825000000    -43.125000000 1      -4.484285339      1.000000000
   146.955000000    -43.465000000 1      -5.794664242      1.000000000
   146.605000000    -41.175000000 1       5.263696618      1.000000000
   145.425000000    -42.475000000 1       1.469012137      1.000000000
   147.085000000    -41.045000000 1      -3.231821901      1.000000000
   147.785000000    -43.215000000 1      -5.234466393      1.000000000
   146.995000000    -43.105000000 1      -5.080635247      1.000000000
   145.815000000    -41.065000000 1       4.499336483      1.000000000
   147.825000000    -43.195000000 1      -4.884391631      1.000000000
   146.605000000    -41.295000000 1       5.543953860      1.000000000
   145.545000000    -40.905000000 1       4.785951519      1.000000000
   146.045000000    -41.895000000 2      -0.847183538      1.000000000
   147.535000000    -42.125000000 2       4.951023989      1.000000000
   146.655000000    -41.835000000 2       4.028922270      1.000000000
   147.215000000    -41.355000000 2       4.829616389      1.000000000
   146.815000000    -41.955000000 2       4.252808242      1.000000000
   145.205000000    -41.305000000 2      -1.072280098      1.000000000
   146.955000000    -42.015000000 2       4.043397524      1.000000000
   147.035000000    -42.445000000 2       5.004187209      1.000000000
   145.765000000    -42.375000000 2      -2.553928927      1.000000000
   146.385000000    -41.695000000 2      -3.493820377      1.000000000
   146.605000000    -42.235000000 2       5.102485122      1.000000000
   147.495000000    -41.065000000 2       5.535364906      1.000000000
   147.075000000    -42.995000000 2       5.589141741      1.000000000
   147.825000000    -42.035000000 2       5.265753724      1.000000000
   147.855000000    -41.965000000 2       6.347711031      1.000000000
   147.735000000    -41.615000000 2       5.144269561      1.000000000
   147.115000000    -42.095000000 2       5.062100000      1.000000000
   147.655000000    -41.555000000 2       2.684041662      1.000000000
   146.685000000    -42.845000000 2       4.063447187      1.000000000
   146.215000000    -42.705000000 2       5.005556967      1.000000000
   147.465000000    -41.325000000 2       4.240137230      1.000000000
   147.295000000    -41.125000000 2       5.510703716      1.000000000
   147.755000000    -41.615000000 2       3.473023360      1.000000000
   146.255000000    -42.875000000 2       4.927191335      1.000000000
   148.025000000    -40.845000000 2       4.406680414      1.000000000
   146.405000000    -42.605000000 2       5.711148525      1.000000000
   146.285000000    -42.505000000 2       5.300186241      1.000000000
   146.775000000    -42.135000000 2       4.901174455      1.000000000
   146.415000000    -42.165000000 2       5.306837589      1.000000000
   144.945000000    -40.925000000 2      -4.063115011      1.000000000
   146.615000000    -43.185000000 2       5.130168038      1.000000000
   146.975000000    -42.465000000 2       4.321993613      1.000000000
   145.785000000    -41.895000000 2      -0.472780336      1.000000000
   146.325000000    -42.875000000 2       4.695836297      1.000000000
   145.905000000    -42.175000000 2      -0.527156884      1.000000000
   147.535000000    -42.285000000 2       4.283458473      1.000000000
   146.725000000    -42.355000000 2       6.043216896      1.000000000
   146.815000000    -43.175000000 2       3.992938405      1.000000000
   146.165000000    -42.225000000 2      -1.808083898      1.000000000
   147.015000000    -42.025000000 2       5.447778497      1.000000000
   147.675000000    -41.335000000 2       6.308391157      1.000000000
   146.025000000    -41.145000000 2      -2.469953990      1.000000000
   146.235000000    -42.325000000 2      -3.291568241      1.000000000
   145.995000000    -41.705000000 2      -3.951065051      1.000000000
   145.665000000    -41.815000000 2      -2.912496078      1.000000000
   146.285000000    -41.485000000 2      -0.929481883      1.000000000
   146.285000000    -42.345000000 2       5.689050367      1.000000000
   146.805000000    -43.355000000 2       6.358008905      1.000000000
   147.735000000    -42.265000000 2       5.308535399      1.000000000
   145.555000000    -41.405000000 2      -1.533983454      1.000000000
   146.535000000    -40.175000000 3       5.650495842      1.000000000
   146.365000000    -40.145000000 3       4.557519384      1.000000000
   148.735000000    -43.285000000 3       0.938358017      1.000000000
   146.985000000    -40.585000000 3       2.218556212      1.000000000
   145.205000000    -40.585000000 3       3.308556800      1.000000000
   148.755000000    -42.325000000 3       2.092484060      1.000000000
   144.275000000    -40.755000000 3       4.333336980      1.000000000
   146.505000000    -40.815000000 3       4.717066245      1.000000000
   148.145000000    -42.955000000 3       0.305690501      1.000000000
   148.605000000    -42.955000000 3       0.719499727      1.000000000
   144.485000000    -41.155000000 3       3.349219604      1.000000000
   146.945000000    -40.115000000 3       3.065976491      1.000000000
   146.675000000    -43.965000000 3       0.700145316      1.000000000
   144.555000000    -42.945000000 3       0.135988658      1.000000000
   148.755000000    -40.275000000 3       4.771177669      1.000000000
   148.715000000    -42.845000000 3      -0.248670889      1.000000000
   148.645000000    -40.515000000 3       2.529705779      1.000000000
   144.475000000    -43.755000000 3       0.111056630      1.000000000
   144.975000000    -43.665000000 3      -0.201713668      1.000000000
   144.045000000    -42.085000000 3       1.230218362      1.000000000
   145.985000000    -43.655000000 3       0.893164219      1.000000000
   147.485000000    -43.975000000 3       0.367493607      1.000000000
   144.245000000    -40.905000000 3       4.741923096      1.000000000
   144.235000000    -43.485000000 3      -1.859402706      1.000000000
   144.895000000    -43.915000000 3       0.391150213      1.000000000
   146.155000000    -40.725000000 3       2.738286014      1.000000000
   144.395000000    -41.155000000 3       3.380139513      1.000000000
   147.955000000    -43.445000000 3      -1.117382088      1.000000000
   144.015000000    -41.665000000 3       2.942902287      1.000000000
   148.655000000    -43.945000000 3       0.224000855      1.000000000
   144.725000000    -41.915000000 3       2.250502818      1.000000000
   145.815000000    -43.525000000 3      -1.197529948      1.000000000
   145.865000000    -40.415000000 3       2.676674803      1.000000000
   148.785000000    -43.565000000 3      -0.238319299      1.000000000
   145.065000000    -40.105000000 3       3.352341314      1.000000000
   145.965000000    -40.765000000 3       3.345282975      1.000000000
   148.055000000    -43.515000000 3      -0.147564383      1.000000000
   144.855000000    -42.035000000 3       2.785672002      1.000000000
   144.905000000    -42.715000000 3       0.726301896      1.000000000
   147.345000000    -40.185000000 3       3.828270602      1.000000000
   147.745000000    -40.555000000 3       2.668673010      1.000000000
   144.215000000    -41.875000000 3       2.546282444      1.000000000
   148.545000000    -42.795000000 3       0.482942411      1.000000000
   147.005000000    -43.815000000 3      -0.734704592      1.000000000
   146.915000000    -40.115000000 3       5.440316487      1.000000000
   144.245000000    -40.165000000 3       2.995719625      1.000000000
   144.465000000    -41.145000000 3       3.290614636      1.000000000
   148.905000000    -41.775000000 3       1.690869204      1.000000000
   144.235000000    -41.225000000 3       3.135084940      1.000000000
   148.415000000    -42.755000000 3      -0.628248622      1.000000000
