   32.290389000    31.223306000  0.000000000e+00
   31.863722000    31.475806000  2.510404214e+02
   30.985833000    31.587083000  5.020928041e+02
   30.338750000    31.395806000  7.518240809e+02
   28.273306000    31.076250000  1.002660758e+03
   26.055000000    31.602889000  1.253354565e+03
   24.143278000    32.005417000  1.500875418e+03
   22.764139000    32.728722000  1.751864161e+03
   20.296667000    32.350389000  2.011854570e+03
   19.834972000    30.599583000  2.252334935e+03
   17.698278000    30.949583000  2.503238851e+03
   15.387056000    31.876639000  2.757203366e+03
   13.582500000    32.797083000  3.000082907e+03
   11.480778000    33.183583000  3.250916336e+03
   10.648306000    33.675389000  3.500929275e+03
   10.783722000    34.725861000  3.750452983e+03
   10.543750000    36.371639000  4.003270673e+03
   10.322861000    36.900778000  4.250323262e+03
    9.543306000    37.299556000  4.501511032e+03
    7.413306000    37.037889000  4.753001299e+03
    5.754944000    36.829611000  5.000770811e+03
    3.564167000    36.806250000  5.253345732e+03
    1.320750000    36.522889000  5.501066412e+03
   -0.635861000    35.709611000  5.750330361e+03
   -2.579250000    35.084528000  6.002139650e+03
   -3.921667000    35.261250000  6.250683390e+03
   -5.690917000    35.839528000  6.500536615e+03
   -6.781306000    34.104167000  6.753014218e+03
   -8.643806000    33.103333000  7.000338937e+03
   -9.844167000    31.392083000  7.250376081e+03
  -10.054611000    29.568333000  7.501261523e+03
  -11.870028000    28.174556000  7.750222390e+03
  -13.527917000    26.854167000  8.002702777e+03
  -14.829639000    25.236694000  8.250787461e+03
  -15.953361000    23.671222000  8.501363137e+03
  -16.356250000    22.691639000  8.751661033e+03
  -17.089722000    20.865028000  9.000528527e+03
  -16.430417000    20.613333000  9.252404682e+03
  -16.313778000    19.472500000  9.500598225e+03
  -16.094611000    17.479972000  9.756554095e+03
  -16.495000000    15.976222000  1.000254992e+04
  -17.423333000    14.680389000  1.025014819e+04
  -16.647889000    13.827528000  1.050082959e+04
  -15.766694000    13.457889000  1.075073221e+04
  -16.747083000    13.409972000  1.100124849e+04
  -16.487083000    12.714972000  1.125063589e+04
  -16.590000000    12.278750000  1.150060887e+04
  -16.090861000    11.882889000  1.175068044e+04
  -14.939167000    11.988722000  1.200078197e+04
  -15.389194000    11.572056000  1.225164689e+04
  -15.095472000    11.646667000  1.250072180e+04
  -15.397528000    11.482917000  1.275000804e+04
  -15.039583000    11.183306000  1.300322051e+04
  -14.712528000    10.847111000  1.325061258e+04
  -14.569611000    10.474972000  1.350000631e+04
  -13.789222000     9.851222000  1.375071979e+04
  -13.397111000     9.415778000  1.400038794e+04
  -13.170028000     8.525389000  1.425178400e+04
  -13.105917000     8.457917000  1.450063478e+04
  -12.870000000     7.823722000  1.475166758e+04
  -12.442528000     7.371222000  1.500138172e+04
  -11.293222000     6.675333000  1.525169799e+04
   -9.951250000     5.764167000  1.550044675e+04
   -8.511694000     4.726250000  1.575177239e+04
   -6.705444000     4.696667000  1.601136072e+04
   -5.441694000     5.099556000  1.625030266e+04
   -3.734583000     5.249139000  1.650102672e+04
   -2.035889000     4.750389000  1.675073451e+04
   -0.503361000     5.374556000  1.700192542e+04
    1.081667000     6.044500000  1.725204172e+04
    3.164972000     6.400417000  1.750173582e+04
    3.638306000     6.422056000  1.775471239e+04
    5.304556000     5.920833000  1.800071489e+04
    5.404139000     5.387889000  1.825367480e+04
    5.422944000     5.027500000  1.850398121e+04
    6.099583000     4.415778000  1.875075064e+04
    6.621639000     4.321250000  1.900181123e+04
    6.973750000     4.502472000  1.925265674e+04
    7.405389000     4.499972000  1.950108927e+04
    8.312917000     4.655806000  1.975187065e+04
    8.574194000     4.692028000  2.000123569e+04
    8.764167000     4.645417000  2.025243659e+04
    9.326222000     3.963278000  2.050082727e+04
    9.710000000     3.918750000  2.075150522e+04
    9.717472000     3.484583000  2.100053319e+04
    9.818694000     1.926639000  2.125363615e+04
    9.552917000     0.955806000  2.150064691e+04
    9.583722000     0.329111000  2.175026042e+04
    9.528306000     0.166250000  2.200062581e+04
    9.156250000    -0.582500000  2.225067480e+04
    8.956222000    -0.989167000  2.250061121e+04
    9.562056000    -2.228361000  2.276652217e+04
   10.375833000    -3.083750000  2.300218725e+04
   11.375389000    -4.147528000  2.325059209e+04
   12.167917000    -5.727556000  2.350014851e+04
   12.279583000    -6.157528000  2.375269226e+04
   13.138722000    -7.834167000  2.400020511e+04
   13.026250000    -8.994167000  2.425977138e+04
   13.774528000   -10.671722000  2.450691641e+04
   13.526194000   -12.360861000  2.475039152e+04
   12.552083000   -13.587528000  2.500149269e+04
   12.111694000   -15.192889000  2.525050177e+04
   11.762917000   -16.995028000  2.550369988e+04
   12.442889000   -18.886694000  2.575533153e+04
   13.376250000   -20.794194000  2.600472378e+04
   14.519528000   -22.625111000  2.625220331e+04
   14.477917000   -24.151667000  2.650095149e+04
   14.967861000   -26.132500000  2.675058478e+04
   15.459556000   -27.567528000  2.700063687e+04
   16.837944000   -29.160833000  2.725057000e+04
   17.692889000   -31.027500000  2.750005307e+04
   18.018333000   -32.731250000  2.775326537e+04
   18.370389000   -33.599139000  2.800048796e+04
   18.860806000   -34.366306000  2.825067047e+04
   20.418722000   -34.539194000  2.850022029e+04
   22.387500000   -34.057139000  2.875409658e+04
   24.357472000   -34.098778000  2.900050688e+04
   26.301611000   -33.759611000  2.925412485e+04
   28.139167000   -32.806250000  2.950027734e+04
   29.660000000   -31.552972000  2.975037604e+04
   30.967528000   -29.985444000  3.000059034e+04
   32.385389000   -28.549194000  3.025180996e+04
   32.921944000   -26.519167000  3.050188113e+04
   32.749500000   -25.732583000  3.075276573e+04
   34.480389000   -24.847500000  3.100082266e+04
   35.336222000   -23.975861000  3.125141628e+04
   35.535417000   -22.268361000  3.150000325e+04
   35.077889000   -21.316694000  3.175094792e+04
   35.002472000   -20.785417000  3.200069035e+04
   34.713306000   -20.193750000  3.225012350e+04
   35.469528000   -19.385028000  3.250462018e+04
   36.393778000   -18.751667000  3.275178177e+04
   36.923278000   -17.949583000  3.300001256e+04
   38.117917000   -17.289194000  3.325013075e+04
   39.076250000   -17.003389000  3.350683682e+04
   39.812056000   -16.405000000  3.375025585e+04
   40.461694000   -15.582944000  3.400019128e+04
   40.642028000   -14.963333000  3.425054846e+04
   40.651222000   -14.380861000  3.450029173e+04
   40.525833000   -13.503806000  3.475175501e+04
   40.618778000   -12.748333000  3.500031911e+04
   40.482889000   -12.207500000  3.525084854e+04
   40.567917000   -11.047528000  3.550239314e+04
   40.396306000   -10.420972000  3.575015213e+04
   39.941111000   -10.091833000  3.600051833e+04
   39.552444000    -9.101250000  3.625044230e+04
   39.295389000    -8.419194000  3.650097837e+04
   39.287083000    -7.852500000  3.675261904e+04
   39.469111000    -6.873750000  3.700026581e+04
   38.872111000    -5.748361000  3.725117575e+04
   39.241083000    -4.640861000  3.750017744e+04
   39.864583000    -3.680861000  3.775005848e+04
   40.494167000    -2.533806000  3.800621973e+04
   40.817472000    -1.944583000  3.825061391e+04
   41.300417000    -1.959139000  3.850015522e+04
   42.199556000    -0.782583000  3.875090619e+04
   43.609972000     0.758750000  3.900486209e+04
   45.246611000     1.979556000  3.925016088e+04
   46.997472000     3.432917000  3.950883710e+04
   48.358667000     5.117472000  3.975313817e+04
   49.387861000     7.035833000  4.000076283e+04
   50.450778000     8.903722000  4.025385519e+04
   51.393722000    10.396667000  4.050081195e+04
   51.227083000    11.627500000  4.075088018e+04
   49.689139000    11.480417000  4.100178827e+04
   47.553278000    11.178722000  4.125490165e+04
   45.672472000    10.780389000  4.150176460e+04
   43.675444000    10.962361000  4.175899356e+04
   42.516250000    11.582472000  4.200012578e+04
   43.090389000    12.799972000  4.225048282e+04
   42.234139000    13.557111000  4.250204134e+04
   40.835028000    14.726250000  4.275119250e+04
   40.082083000    15.301611000  4.300019012e+04
   39.442889000    15.794972000  4.325064924e+04
   38.791278000    17.660944000  4.350023627e+04
   37.865833000    18.600361000  4.375185944e+04
   37.233750000    19.663306000  4.400013062e+04
   37.111222000    21.206639000  4.425094598e+04
   36.885389000    21.829167000  4.450268959e+04
   35.753750000    22.884111000  4.475002067e+04
   35.793750000    23.909222000  4.500103621e+04
   34.664972000    25.504556000  4.525091204e+04
   33.851250000    27.199167000  4.550016842e+04
   32.992444000    28.494528000  4.575119451e+04
   32.566289000    30.172439000  4.600848016e+04
