   55.020389000    17.012472000  0.000000000e+00
   56.511667000    18.094528000  2.543151073e+02
   57.741250000    19.249111000  5.006140794e+02
   58.317472000    20.373750000  7.506531044e+02
   59.495389000    21.755833000  1.000424695e+03
   58.988750000    23.194167000  1.252629869e+03
   57.306639000    23.886250000  1.501913080e+03
   56.329194000    25.599528000  1.750163018e+03
   56.438306000    26.225417000  2.000240636e+03
   56.029250000    25.890333000  2.250268039e+03
   55.150417000    25.091667000  2.503520805e+03
   55.320000000    26.787083000  2.752388708e+03
   56.662444000    27.153750000  3.000368478e+03
   57.224556000    26.166611000  3.251004446e+03
   58.117889000    25.582528000  3.500576242e+03
   59.110806000    25.437083000  3.750586524e+03
   60.330417000    25.367444000  4.000165329e+03
   61.546194000    25.190778000  4.251275051e+03
   62.350833000    25.102861000  4.501332626e+03
   64.080389000    25.360806000  4.750332732e+03
   64.786639000    25.341250000  5.001554444e+03
   66.413306000    25.484583000  5.250504610e+03
   66.697528000    24.947889000  5.503326097e+03
   67.296694000    24.628722000  5.752675780e+03
   67.378306000    24.234583000  6.001106047e+03
   67.643750000    23.866639000  6.251084290e+03
   68.342056000    23.955056000  6.500281199e+03
   68.540389000    23.760028000  6.750618217e+03
   68.638639000    23.249972000  7.000759083e+03
   69.560833000    22.790389000  7.250126481e+03
   70.351222000    22.885000000  7.500184694e+03
   69.583333000    22.363750000  7.750113114e+03
   69.369556000    21.834139000  8.001078309e+03
   70.822472000    20.690417000  8.252110762e+03
   72.062444000    21.173750000  8.501243540e+03
   72.333722000    22.280000000  8.750250247e+03
   72.730833000    21.987944000  9.001261329e+03
   72.646250000    21.267444000  9.251245740e+03
   72.914139000    20.745389000  9.500297445e+03
   72.847083000    19.515861000  9.750246009e+03
   72.990361000    19.101639000  1.000112524e+04
   72.961667000    18.309556000  1.025019328e+04
   73.155806000    17.571250000  1.050015581e+04
   73.318722000    16.696611000  1.075077515e+04
   73.473722000    16.132500000  1.100049193e+04
   73.955806000    15.068722000  1.125012413e+04
   74.517083000    14.241639000  1.150062040e+04
   74.810806000    12.924583000  1.176106915e+04
   75.407083000    11.835806000  1.200120183e+04
   76.027889000    10.528333000  1.225368686e+04
   76.397083000     9.273333000  1.250108063e+04
   76.877861000     8.515806000  1.275042956e+04
   78.176639000     8.747083000  1.300004697e+04
   78.921194000     9.545000000  1.325014796e+04
   79.869611000    10.321639000  1.350092911e+04
   79.872889000    12.039972000  1.375099953e+04
   80.326222000    13.391667000  1.400070389e+04
   80.049556000    15.093333000  1.425427071e+04
   80.969167000    15.754556000  1.450042155e+04
   82.234167000    16.542944000  1.475032073e+04
   82.815833000    17.391222000  1.500296348e+04
   84.359556000    18.554139000  1.525935734e+04
   85.429167000    19.627083000  1.550117455e+04
   86.672472000    20.274556000  1.575017964e+04
   86.892083000    21.010028000  1.600062462e+04
   88.052000000    22.010806000  1.625152541e+04
   88.419556000    21.686667000  1.650128482e+04
   88.699583000    21.734167000  1.675083757e+04
   89.105333000    21.839806000  1.700140004e+04
   89.579111000    21.938611000  1.725322421e+04
   90.077472000    22.165389000  1.750159227e+04
   90.406222000    22.171639000  1.775047720e+04
   90.827889000    22.175000000  1.800036307e+04
   91.695306000    22.505722000  1.825164470e+04
   91.958306000    21.507083000  1.850026861e+04
   92.268694000    21.025750000  1.875139879e+04
   92.565806000    20.750389000  1.900021052e+04
   92.984556000    20.270000000  1.925004899e+04
   93.297472000    20.176250000  1.950339755e+04
   93.688778000    19.809139000  1.975084688e+04
   93.891222000    19.263306000  2.000212071e+04
   93.955361000    19.089972000  2.025002846e+04
   94.073278000    18.860444000  2.050122884e+04
   94.340028000    18.247917000  2.075052508e+04
   94.532917000    17.187500000  2.100071012e+04
   94.318361000    16.016250000  2.125089639e+04
   94.608278000    15.948722000  2.150015260e+04
   95.093333000    16.012944000  2.175164203e+04
   95.713722000    16.232472000  2.200570516e+04
   96.270417000    16.816639000  2.225215774e+04
   96.918694000    16.874167000  2.250064765e+04
   97.255000000    16.850389000  2.275136087e+04
   97.618333000    15.948750000  2.300093595e+04
   97.835389000    14.720833000  2.325008178e+04
   98.152889000    13.669139000  2.350048466e+04
   98.485417000    13.305000000  2.375054743e+04
   98.629139000    12.575417000  2.400128134e+04
   98.699972000    12.016222000  2.425144190e+04
   98.709556000    11.424972000  2.450121669e+04
   98.503528000    10.727972000  2.475083135e+04
   98.601611000     9.931167000  2.500144012e+04
   98.343639000     9.135861000  2.525113403e+04
   98.460389000     8.282472000  2.550045325e+04
   99.086667000     7.948750000  2.575189865e+04
   99.597111000     7.357472000  2.600023194e+04
  100.090694000     6.548667000  2.625183926e+04
  100.440000000     4.947028000  2.650053605e+04
  100.858306000     4.048750000  2.675201841e+04
  101.315000000     2.916250000  2.700123605e+04
  102.690000000     1.868722000  2.725147554e+04
  104.019611000     1.531750000  2.750015757e+04
  103.982472000     2.252028000  2.775046505e+04
  103.436222000     3.565861000  2.800077318e+04
  103.207083000     5.223333000  2.825087303e+04
  101.883306000     6.423611000  2.850366246e+04
  100.572917000     7.154167000  2.875106610e+04
  100.138278000     8.388722000  2.900001236e+04
   99.269556000     9.372472000  2.925088683e+04
   99.439583000    10.829861000  2.950018025e+04
   99.997139000    12.406528000  2.975290173e+04
  100.763306000    13.493722000  3.000274123e+04
  101.420417000    12.587500000  3.025251419e+04
  102.270806000    12.438750000  3.050301394e+04
  102.905417000    11.679139000  3.075012731e+04
  103.315833000    10.907889000  3.100064392e+04
  103.865389000    10.626639000  3.125122495e+04
  105.111250000     9.947472000  3.150206986e+04
  105.177500000     8.783750000  3.175082571e+04
  105.921639000     9.966222000  3.200372882e+04
  106.581278000     9.832472000  3.225021235e+04
  106.685750000    10.293694000  3.250006818e+04
  107.259167000    10.375389000  3.275089431e+04
  108.877500000    11.331222000  3.300179560e+04
  109.211639000    12.116222000  3.325044283e+04
  109.415778000    12.602889000  3.350065728e+04
  109.324944000    13.463722000  3.375033853e+04
  109.192083000    14.280833000  3.400024945e+04
  108.696250000    15.479139000  3.425092786e+04
  108.076250000    16.241667000  3.450164859e+04
  107.234833000    16.867833000  3.475441692e+04
  106.385000000    18.105389000  3.500090462e+04
  105.743722000    19.218278000  3.525151002e+04
  106.216250000    20.053333000  3.550346014e+04
  106.747528000    20.702083000  3.575136811e+04
  106.874167000    20.976222000  3.600034741e+04
  107.411722000    21.279583000  3.625199462e+04
  107.952139000    21.437472000  3.650057827e+04
  108.469889000    21.567833000  3.675009013e+04
  108.773194000    21.622806000  3.700017674e+04
  109.588750000    21.583306000  3.725010213e+04
  109.952028000    21.453306000  3.750023226e+04
  109.857472000    20.502056000  3.775018482e+04
  110.464111000    20.582917000  3.800365598e+04
  110.425417000    21.298306000  3.825078075e+04
  111.229167000    21.522861000  3.850021001e+04
  111.671667000    21.777889000  3.875035314e+04
  112.423750000    21.884972000  3.900056462e+04
  113.075306000    22.280722000  3.925069454e+04
  113.570361000    22.587389000  3.950519779e+04
  113.562861000    22.927361000  3.975025584e+04
  114.217111000    22.306639000  4.000219386e+04
  114.208750000    22.537500000  4.025058285e+04
  114.887944000    22.560806000  4.050050706e+04
  115.564222000    22.745389000  4.075081115e+04
  116.379111000    22.927889000  4.100107562e+04
  116.723333000    23.443722000  4.125006664e+04
  117.251611000    23.621250000  4.150065944e+04
  117.724944000    23.934556000  4.175194856e+04
  118.024139000    24.443778000  4.200149123e+04
  118.666250000    24.578306000  4.225013231e+04
  118.907528000    24.944583000  4.250033291e+04
  119.134972000    25.140389000  4.275031345e+04
  119.456194000    25.483306000  4.300043724e+04
  119.603694000    25.713306000  4.325007003e+04
  119.754139000    26.361250000  4.350007928e+04
  119.587500000    26.789556000  4.375005544e+04
  119.982500000    26.685389000  4.400101211e+04
  120.245778000    27.044556000  4.425101823e+04
  120.601194000    27.547444000  4.450224778e+04
  121.118306000    28.286250000  4.475124411e+04
  121.414972000    28.702056000  4.500046415e+04
  121.485444000    29.183306000  4.525133102e+04
  121.923306000    29.307083000  4.550021128e+04
  121.508306000    29.555389000  4.575215254e+04
  121.172444000    30.315417000  4.600137163e+04
  120.677500000    30.397028000  4.625610854e+04
  121.507861000    31.395000000  4.650041887e+04
  120.533306000    32.092861000  4.675139873e+04
  121.733333000    32.019583000  4.700061041e+04
  120.937917000    32.852444000  4.725080668e+04
  120.284556000    34.283333000  4.750273586e+04
  119.391222000    35.210778000  4.775233347e+04
  120.234944000    35.966194000  4.800010894e+04
  120.721278000    36.349111000  4.825095369e+04
  121.335000000    36.719528000  4.850067186e+04
  122.142889000    36.958306000  4.875011237e+04
  122.472889000    37.133333000  4.900039807e+04
  121.932500000    37.450361000  4.925041483e+04
  120.222472000    37.687889000  4.950110916e+04
  119.068306000    37.252861000  4.975051580e+04
  118.660861000    38.127056000  5.000056342e+04
  117.729139000    39.082056000  5.025036906e+04
  119.349528000    39.730000000  5.050029548e+04
  120.998722000    40.711667000  5.075042406e+04
  121.943750000    40.799139000  5.100077772e+04
  121.708278000    39.921194000  5.125022268e+04
  121.928278000    39.393750000  5.150012017e+04
  121.320417000    38.809167000  5.175008804e+04
  122.110861000    39.201222000  5.200136389e+04
  123.225361000    39.740806000  5.225002014e+04
  124.230000000    39.796250000  5.250079007e+04
  124.989194000    39.639611000  5.275064974e+04
  125.366639000    39.231250000  5.300002532e+04
  125.502917000    38.658306000  5.325103609e+04
  124.772889000    38.174167000  5.350054342e+04
  125.259167000    37.830389000  5.375079857e+04
  125.567500000    37.782917000  5.400125870e+04
  126.175778000    37.840361000  5.425128640e+04
  126.657056000    37.404917000  5.450130193e+04
  126.812917000    36.839139000  5.475012142e+04
  126.362528000    36.845389000  5.500040236e+04
  126.322833000    36.593333000  5.525081276e+04
  126.503306000    36.412917000  5.550074386e+04
  126.715000000    35.781250000  5.575162504e+04
  126.362500000    35.216250000  5.600027490e+04
  126.366222000    34.983306000  5.625072920e+04
  126.395389000    34.734139000  5.650020327e+04
  126.535806000    34.584556000  5.675095628e+04
  126.977500000    34.509556000  5.700007450e+04
  127.429167000    34.535417000  5.725096356e+04
  127.634972000    34.711222000  5.750009605e+04
  127.973722000    34.984972000  5.775089845e+04
  128.476222000    34.890000000  5.800125455e+04
  129.025444000    35.090806000  5.825061267e+04
  129.376250000    36.047500000  5.850078832e+04
  128.828806000    37.890000000  5.875313644e+04
  127.471250000    39.198306000  5.900042796e+04
  127.968333000    40.016222000  5.925081032e+04
  129.575861000    40.841250000  5.950160333e+04
  130.122444000    42.094556000  5.975006657e+04
  130.730889000    42.701222000  6.000328328e+04
  131.500361000    42.971611000  6.025131339e+04
  132.059972000    43.148722000  6.050093812e+04
  132.882861000    42.758278000  6.075086878e+04
  134.544944000    43.223722000  6.100032996e+04
  135.636167000    44.170833000  6.125047604e+04
  137.215861000    45.469583000  6.150242102e+04
  138.861611000    47.291222000  6.175539757e+04
  140.325778000    48.894556000  6.200048599e+04
  140.467139000    49.951667000  6.225358588e+04
