  146.292917000   -39.015000000  0.000000000e+00
  146.777500000   -38.662111000  2.500440252e+02
  147.651639000   -37.997111000  5.019892481e+02
  148.573361000   -37.805444000  7.567184015e+02
  149.972083000   -37.335889000  1.002795203e+03
  150.127111000   -36.128361000  1.251610338e+03
  150.533722000   -35.245028000  1.500309867e+03
  150.874639000   -34.565000000  1.751322152e+03
  151.117778000   -33.998889000  2.000829029e+03
  151.315000000   -33.573750000  2.250754121e+03
  151.634583000   -33.152528000  2.500525996e+03
  151.786639000   -32.923778000  2.750546384e+03
  152.307056000   -32.559194000  3.000411489e+03
  152.739556000   -31.806667000  3.250480737e+03
  153.212917000   -30.109194000  3.501144899e+03
  153.555417000   -28.537528000  3.750140036e+03
  153.091611000   -27.335444000  4.000471854e+03
  153.057944000   -26.636667000  4.252012650e+03
  152.930778000   -25.812944000  4.500034868e+03
  152.615028000   -25.182944000  4.750722686e+03
  152.007861000   -24.453333000  5.000374740e+03
  151.452111000   -24.050833000  5.250682287e+03
  150.792111000   -23.359167000  5.501682717e+03
  150.720861000   -22.518806000  5.750558692e+03
  150.587944000   -22.599194000  6.000414169e+03
  149.992056000   -22.601722000  6.250251787e+03
  149.432056000   -21.790056000  6.500159093e+03
  149.221250000   -21.126667000  6.750744831e+03
  148.686639000   -20.438778000  7.000973686e+03
  148.466667000   -20.164611000  7.251072376e+03
  147.596250000   -19.712500000  7.500617202e+03
  146.829167000   -19.281306000  7.750457021e+03
  146.018694000   -18.255028000  8.000747837e+03
  145.780389000   -16.928361000  8.250145508e+03
  145.276194000   -15.494194000  8.500415375e+03
  144.652472000   -14.505444000  8.752003209e+03
  143.627500000   -13.978750000  9.001697583e+03
  143.422111000   -12.635000000  9.250504100e+03
  142.827083000   -11.495000000  9.501204615e+03
  142.412083000   -10.787472000  9.751079869e+03
  142.077111000   -11.772528000  1.000075160e+04
  141.599583000   -12.534167000  1.025121008e+04
  141.760417000   -12.819167000  1.050365666e+04
  141.596639000   -14.174611000  1.075022041e+04
  141.402472000   -15.918750000  1.100104221e+04
  140.825444000   -17.455000000  1.125112146e+04
  139.173306000   -17.220389000  1.150477870e+04
  137.747139000   -16.270833000  1.175313032e+04
  136.694583000   -15.900833000  1.200034230e+04
  135.559583000   -15.077500000  1.225011454e+04
  136.012944000   -13.830889000  1.250176184e+04
  136.158750000   -13.255000000  1.275119274e+04
  136.617500000   -12.949583000  1.300026231e+04
  136.835806000   -12.213750000  1.325015539e+04
  136.226278000   -12.210028000  1.350117381e+04
  135.889528000   -12.191722000  1.375034235e+04
  135.249139000   -12.224611000  1.400057623e+04
  134.183722000   -12.024194000  1.425185969e+04
  133.345833000   -11.720472000  1.450040920e+04
  132.272917000   -11.197472000  1.475059409e+04
  131.828694000   -11.215833000  1.500060067e+04
  132.588389000   -11.542917000  1.525007754e+04
  132.426639000   -12.332083000  1.550006293e+04
  131.048778000   -12.158333000  1.575038150e+04
  130.862972000   -12.651694000  1.600046819e+04
  130.700444000   -12.747528000  1.625026439e+04
  130.320444000   -13.365000000  1.650230892e+04
  129.525861000   -14.217111000  1.675361245e+04
  129.714556000   -14.724972000  1.700016633e+04
  129.771611000   -14.849611000  1.725052740e+04
  129.410000000   -14.971278000  1.750033001e+04
  129.135806000   -15.012111000  1.775064540e+04
  128.465361000   -14.946694000  1.800106856e+04
  128.365778000   -15.495417000  1.825000815e+04
  128.160000000   -14.746278000  1.850061582e+04
  127.409583000   -13.960056000  1.875003865e+04
  126.790417000   -13.875833000  1.900197949e+04
  126.419139000   -14.007944000  1.925118872e+04
  126.094167000   -13.890472000  1.950036957e+04
  125.938333000   -14.531278000  1.975015924e+04
  125.652111000   -14.258333000  2.000053967e+04
  125.280833000   -14.640444000  2.025120025e+04
  125.463306000   -14.996250000  2.050077311e+04
  124.860806000   -15.162917000  2.075058504e+04
  125.219167000   -15.552139000  2.100141100e+04
  124.721639000   -15.377944000  2.125023873e+04
  124.469583000   -15.877528000  2.150023294e+04
  124.464167000   -16.109583000  2.175102741e+04
  124.349194000   -16.387944000  2.200044687e+04
  123.949611000   -16.303361000  2.225097176e+04
  123.687083000   -16.149139000  2.250048393e+04
  123.540028000   -16.431250000  2.275037554e+04
  123.766694000   -16.838778000  2.300266184e+04
  123.622500000   -17.015417000  2.325063282e+04
  123.286222000   -17.101694000  2.350041255e+04
  122.812944000   -16.540056000  2.375187800e+04
  122.241222000   -17.169167000  2.400009941e+04
  121.946667000   -18.439611000  2.425080730e+04
  121.006694000   -19.602944000  2.450498990e+04
  119.332500000   -19.982917000  2.475053736e+04
  118.542917000   -20.310000000  2.500072850e+04
  117.642917000   -20.688333000  2.525042738e+04
  116.798750000   -20.536694000  2.550199096e+04
  115.954139000   -21.058778000  2.575080006e+04
  115.128722000   -21.649167000  2.600041520e+04
  114.462083000   -22.259194000  2.625054098e+04
  114.119639000   -22.012528000  2.650191709e+04
  113.776278000   -23.371694000  2.675128844e+04
  113.709583000   -25.099222000  2.700154611e+04
  114.220000000   -26.110444000  2.725006397e+04
  113.720361000   -25.789972000  2.750043928e+04
  113.832944000   -26.565889000  2.775013672e+04
  113.507083000   -26.477500000  2.800090627e+04
  113.225806000   -26.177111000  2.825087946e+04
  114.100361000   -27.850000000  2.850075883e+04
  114.957944000   -29.781639000  2.875313562e+04
  115.682917000   -31.673361000  2.900069859e+04
  115.670417000   -33.024167000  2.925503775e+04
  115.029611000   -34.202556000  2.950337718e+04
  116.501611000   -34.926250000  2.975030651e+04
  118.020806000   -35.111278000  3.000181207e+04
  118.855444000   -34.454167000  3.025070511e+04
  120.257500000   -33.937083000  3.050329945e+04
  122.214167000   -34.015444000  3.075027769e+04
  123.862111000   -33.607556000  3.100141358e+04
  125.835000000   -32.349583000  3.125019135e+04
  128.391667000   -31.946278000  3.150022172e+04
  130.893306000   -31.581250000  3.175169278e+04
  132.968361000   -32.073806000  3.200027547e+04
  133.850361000   -32.495861000  3.225096309e+04
  134.262944000   -33.061722000  3.250099670e+04
  135.273750000   -34.042500000  3.275016394e+04
  135.319194000   -34.607139000  3.300078655e+04
  135.932917000   -34.540861000  3.325126565e+04
  137.267889000   -33.580833000  3.350253235e+04
  137.909556000   -32.857528000  3.375030884e+04
  137.561250000   -33.987528000  3.400010919e+04
  136.947472000   -35.286250000  3.425189306e+04
  138.165417000   -34.250028000  3.450145324e+04
  138.195833000   -35.667944000  3.475006187e+04
  139.639167000   -36.141278000  3.500024891e+04
  139.712028000   -36.317528000  3.525698492e+04
  140.343694000   -37.795806000  3.550066739e+04
  141.940833000   -38.284583000  3.575368848e+04
  143.964167000   -38.578806000  3.600152393e+04
  144.905028000   -37.862944000  3.625053352e+04
  145.478278000   -38.235417000  3.650055444e+04
