   44.902556000    67.324667000  0.000000000e+00
   43.823278000    68.443750000  2.509705249e+02
   44.510722000    66.901528000  5.003318784e+02
   43.362361000    66.328972000  7.546426435e+02
   39.959806000    65.645861000  1.000012499e+03
   39.736417000    64.567139000  1.250994569e+03
   37.254944000    65.128750000  1.503252686e+03
   37.935750000    64.159472000  1.751657758e+03
   35.751694000    64.321694000  2.000066481e+03
   34.792861000    65.007528000  2.250458674e+03
   34.696278000    65.696250000  2.500675001e+03
   34.221556000    66.155889000  2.750001347e+03
   33.066750000    66.537583000  3.001006276e+03
   32.050778000    67.094472000  3.250367796e+03
   34.072806000    66.715111000  3.500689705e+03
   37.281389000    66.212778000  3.753503096e+03
   41.241306000    66.891167000  4.000340140e+03
   40.195000000    67.936694000  4.250082690e+03
   38.161444000    68.470083000  4.501604450e+03
   35.508250000    69.224556000  4.750490597e+03
   33.189917000    69.059583000  5.000621689e+03
   32.871722000    69.433750000  5.250117400e+03
   32.968250000    69.754556000  5.500375811e+03
   30.766444000    69.781222000  5.750512771e+03
   29.358111000    69.861972000  6.000821658e+03
   31.041306000    70.343333000  6.250426278e+03
   28.992389000    70.868778000  6.500096244e+03
   27.797194000    70.638611000  6.751303454e+03
   27.635028000    71.096222000  7.001707177e+03
   26.948750000    70.479167000  7.250688075e+03
   25.465000000    70.367944000  7.500387892e+03
   25.381111000    70.644194000  7.751386697e+03
   24.555056000    70.964611000  8.000140571e+03
   23.447444000    70.287917000  8.250245718e+03
   22.617472000    70.207917000  8.500226419e+03
   21.647472000    70.069611000  8.750008671e+03
   21.183222000    69.875389000  9.000097251e+03
   20.224028000    69.526583000  9.250762776e+03
   19.733333000    69.646222000  9.502149675e+03
   18.445083000    69.509583000  9.750578465e+03
   17.525778000    69.021639000  1.000107460e+04
   16.468361000    68.502083000  1.025038922e+04
   16.866639000    68.348722000  1.050101402e+04
   16.350000000    68.145389000  1.075041348e+04
   16.121722000    68.204556000  1.100022000e+04
   15.648333000    67.952111000  1.125105120e+04
   15.424972000    67.824556000  1.150113912e+04
   15.587500000    67.355778000  1.175047127e+04
   14.716639000    67.302917000  1.200207008e+04
   14.570806000    67.187528000  1.225085921e+04
   13.496694000    66.805417000  1.250053162e+04
   13.638250000    66.540417000  1.275029202e+04
   13.746611000    66.273750000  1.300115897e+04
   12.894083000    65.971667000  1.325126872e+04
   12.594944000    65.517056000  1.350048418e+04
   12.171611000    65.236222000  1.375006651e+04
   11.988250000    65.070389000  1.400029380e+04
   11.406694000    64.867889000  1.425131995e+04
   11.696583000    64.810417000  1.450065807e+04
   11.247444000    64.361639000  1.475255059e+04
   10.471528000    64.361278000  1.500303601e+04
   10.225806000    63.958278000  1.525040830e+04
    9.825833000    63.647500000  1.550000543e+04
   11.469889000    64.018694000  1.575033072e+04
   10.879167000    63.469972000  1.600067122e+04
    9.147528000    63.488333000  1.625021310e+04
    8.664972000    63.360417000  1.650037538e+04
    8.479917000    62.960389000  1.675067486e+04
    8.174917000    62.801222000  1.700272265e+04
    7.498278000    62.780389000  1.725166525e+04
    7.274167000    62.620028000  1.750065994e+04
    6.533361000    62.434583000  1.775133832e+04
    6.557500000    62.366639000  1.800183730e+04
    5.934222000    62.101639000  1.825114307e+04
    5.160806000    61.982500000  1.850027675e+04
    5.923250000    61.737917000  1.875145816e+04
    5.140000000    61.603722000  1.900152728e+04
    4.993278000    61.423750000  1.925230515e+04
    5.288361000    61.107889000  1.950068057e+04
    7.136611000    61.257889000  1.975028410e+04
    7.049139000    61.062472000  2.000074611e+04
    5.482389000    61.046667000  2.025052568e+04
    5.374167000    60.740000000  2.050096952e+04
    5.444083000    60.597528000  2.075050437e+04
    5.358278000    60.223722000  2.100059888e+04
    5.499972000    60.051250000  2.125058257e+04
    6.704056000    60.439139000  2.150010361e+04
    6.134139000    60.112472000  2.175026008e+04
    5.809972000    59.604528000  2.200038956e+04
    5.391667000    59.339528000  2.225062161e+04
    6.034972000    59.475389000  2.250082379e+04
    6.133222000    59.307083000  2.275191325e+04
    6.285806000    58.839167000  2.300031348e+04
    5.951694000    58.468778000  2.325004961e+04
    6.821667000    58.185389000  2.350008168e+04
    7.794139000    58.067444000  2.375122159e+04
    8.771667000    58.455389000  2.400016218e+04
    9.420806000    58.866667000  2.425098855e+04
   10.130750000    59.026639000  2.450028174e+04
   10.392528000    59.543333000  2.475015781e+04
   10.677417000    59.315833000  2.500027316e+04
   11.242528000    58.820861000  2.525083330e+04
   11.439056000    58.391694000  2.550032488e+04
   11.628194000    58.052083000  2.575013839e+04
   11.733167000    58.307056000  2.600026369e+04
   11.937528000    57.528333000  2.625013135e+04
   12.684167000    56.679944000  2.650035483e+04
   12.898278000    55.524583000  2.675108161e+04
   14.565000000    56.027083000  2.700084620e+04
   15.659083000    56.163306000  2.725004606e+04
   16.465778000    56.939972000  2.750013634e+04
   16.670806000    57.561667000  2.775133716e+04
   16.806667000    57.988750000  2.800070442e+04
   16.638306000    58.422083000  2.825040324e+04
   17.055833000    58.671667000  2.850043862e+04
   17.709944000    59.062861000  2.875037078e+04
   18.448250000    59.148722000  2.900115976e+04
   18.525806000    59.401639000  2.925017446e+04
   18.828333000    59.692917000  2.950002522e+04
   18.570778000    60.118306000  2.975013272e+04
   17.674139000    60.510806000  3.000045598e+04
   17.204917000    61.280417000  3.025060947e+04
   17.270778000    61.689139000  3.050071003e+04
   17.324944000    62.387944000  3.075034014e+04
   17.941611000    62.808750000  3.100040288e+04
   18.519083000    63.156611000  3.125081796e+04
   19.491611000    63.413722000  3.150157391e+04
   20.435722000    63.740806000  3.175053957e+04
   21.619111000    64.443278000  3.200100702e+04
   21.318250000    64.959583000  3.225088195e+04
   21.634917000    65.351222000  3.250000249e+04
   22.389139000    65.621639000  3.275035712e+04
   23.061611000    65.871250000  3.300084166e+04
   24.579944000    65.844500000  3.325039895e+04
   25.338278000    65.105417000  3.350011113e+04
   24.194139000    64.481639000  3.375054419e+04
   22.945722000    63.882444000  3.400042065e+04
   22.359111000    63.538333000  3.425029979e+04
   21.532444000    63.200806000  3.450015377e+04
   21.184056000    62.444139000  3.475049819e+04
   21.507472000    61.772472000  3.500095347e+04
   21.440722000    61.193333000  3.525047817e+04
   21.430000000    60.707889000  3.550124181e+04
   22.512528000    60.307472000  3.575055379e+04
   22.817444000    59.999167000  3.600146619e+04
   23.437472000    59.984167000  3.625146164e+04
   24.566667000    60.164583000  3.650013544e+04
   25.627472000    60.328333000  3.675281171e+04
   26.209111000    60.387500000  3.700056415e+04
   27.164917000    60.541222000  3.725089808e+04
   28.421556000    60.649528000  3.750073816e+04
   28.900028000    60.270333000  3.775017407e+04
   28.974722000    59.813667000  3.800046858e+04
   26.551694000    59.522083000  3.825003706e+04
   24.684056000    59.485833000  3.850057049e+04
   23.508333000    58.944583000  3.875022876e+04
   24.540806000    58.364972000  3.900046812e+04
   23.233861000    57.166667000  3.925074047e+04
   21.052444000    56.679972000  3.950441127e+04
   21.227417000    54.983306000  3.975153883e+04
   20.692500000    55.066611000  4.000086327e+04
   19.430750000    54.285806000  4.025182563e+04
   18.514167000    54.612472000  4.050112533e+04
   16.453306000    54.471222000  4.075023023e+04
   14.605694000    53.649194000  4.100039144e+04
   13.000806000    54.434972000  4.125089889e+04
   12.092472000    54.181667000  4.150075894e+04
   11.074139000    54.349972000  4.175062885e+04
    9.457472000    54.819917000  4.200156714e+04
    9.725000000    55.517917000  4.225089460e+04
   10.379194000    56.168333000  4.250079455e+04
   10.329972000    56.989528000  4.275231759e+04
    8.714917000    57.106222000  4.300271609e+04
    8.169083000    55.730806000  4.326836058e+04
    8.285806000    54.887417000  4.350094399e+04
    8.574111000    54.301611000  4.375126459e+04
    9.618250000    53.581250000  4.400126364e+04
    8.069194000    53.468306000  4.425102019e+04
    6.889167000    53.381667000  4.450201260e+04
    5.536611000    52.836222000  4.475001260e+04
    5.181639000    52.635389000  4.500095910e+04
    4.027472000    51.929917000  4.525024910e+04
    3.438167000    51.543694000  4.550034569e+04
    2.586667000    51.103694000  4.575516987e+04
    1.091611000    49.933722000  4.600431126e+04
   -0.405111000    49.336222000  4.625024861e+04
   -1.718333000    49.327889000  4.650147908e+04
   -2.016222000    48.626611000  4.675037430e+04
   -3.086278000    48.826667000  4.700053633e+04
   -4.378778000    48.669694000  4.725015249e+04
   -4.276278000    48.280500000  4.750108116e+04
   -4.376667000    47.796222000  4.775017204e+04
   -3.327556000    47.736250000  4.800110166e+04
   -2.937083000    47.596639000  4.825018783e+04
   -2.504139000    47.312056000  4.850073045e+04
   -1.626667000    46.413722000  4.875029783e+04
   -0.901667000    45.530389000  4.900133221e+04
   -1.261250000    44.629139000  4.927558643e+04
   -1.553778000    43.494917000  4.950098899e+04
   -3.322500000    43.418750000  4.975080193e+04
   -4.674222000    43.408750000  5.000063156e+04
   -6.693361000    43.563778000  5.025018740e+04
   -8.155056000    43.619556000  5.050032792e+04
   -8.948778000    43.226667000  5.075017952e+04
   -9.039611000    42.540000000  5.100020308e+04
   -8.617167000    42.332444000  5.125001962e+04
   -8.750417000    40.647500000  5.150383089e+04
   -9.335417000    39.264972000  5.175056795e+04
   -9.110444000    38.641611000  5.200148740e+04
   -8.797083000    38.355000000  5.225448058e+04
   -8.527056000    37.125000000  5.250082907e+04
   -7.168361000    37.234583000  5.275034702e+04
   -6.180056000    36.489583000  5.300009763e+04
   -5.016750000    36.462111000  5.325028808e+04
   -2.625833000    36.718722000  5.350141555e+04
   -0.988750000    37.588306000  5.375067815e+04
    0.147917000    38.681639000  5.400044736e+04
    0.337083000    40.291667000  5.425089101e+04
    1.666611000    41.197083000  5.450250946e+04
    3.173306000    42.263694000  5.475095328e+04
    3.121611000    43.115389000  5.500377030e+04
    4.843750000    43.334194000  5.525061103e+04
    5.926639000    43.072056000  5.550016080e+04
    7.155778000    43.655417000  5.575094863e+04
    9.119139000    44.366222000  5.600040715e+04
   10.504139000    43.312917000  5.625007427e+04
   11.719528000    42.192500000  5.650036670e+04
   13.667417000    41.246222000  5.675035887e+04
   14.998750000    40.364167000  5.700299985e+04
   16.152444000    38.950417000  5.725116680e+04
   16.311222000    38.275806000  5.750164329e+04
   16.692472000    39.624556000  5.775233210e+04
   17.895389000    40.247444000  5.800038895e+04
   17.612472000    40.786250000  5.825019349e+04
   16.184528000    41.840806000  5.850005454e+04
   14.439944000    42.315361000  5.875042429e+04
   12.907500000    43.927000000  5.900011667e+04
   12.494972000    44.964556000  5.925138514e+04
   12.316611000    45.445389000  5.950131195e+04
   13.369917000    45.738778000  5.975146147e+04
   13.624889000    45.077083000  6.000085160e+04
   14.329139000    45.355361000  6.025100743e+04
   15.477472000    44.202861000  6.050071452e+04
   15.940000000    43.643750000  6.075053572e+04
   17.378333000    43.063722000  6.100019908e+04
   17.671639000    42.811250000  6.125037876e+04
   18.644944000    42.363722000  6.150036273e+04
   19.468306000    41.445361000  6.175043619e+04
   19.492083000    40.433306000  6.200009703e+04
   20.230722000    39.495306000  6.225082285e+04
   21.033778000    38.915000000  6.250073584e+04
   21.339139000    38.390389000  6.275029157e+04
   22.784139000    38.257083000  6.300090376e+04
   22.087472000    38.255444000  6.325259257e+04
   21.691194000    37.354194000  6.350133428e+04
   22.385389000    36.593333000  6.375046647e+04
   23.053278000    36.610389000  6.400083549e+04
   23.106194000    37.399972000  6.425026129e+04
   22.999167000    37.886194000  6.450004598e+04
   24.012056000    38.027472000  6.475021127e+04
   22.698333000    38.851222000  6.500151856e+04
   23.172889000    39.135833000  6.525028148e+04
   22.586611000    40.460361000  6.550075233e+04
   23.904583000    39.979972000  6.575059747e+04
   24.000833000    40.383750000  6.600096521e+04
   24.892417000    40.913750000  6.625108808e+04
   26.558194000    40.611250000  6.650029145e+04
   27.058306000    40.603722000  6.675005593e+04
   29.032056000    41.045833000  6.700061519e+04
   27.752500000    42.331250000  6.725106344e+04
   27.983250000    43.218722000  6.750057219e+04
   28.752111000    44.458306000  6.775261486e+04
   29.043750000    44.854167000  6.800104034e+04
   29.715361000    45.459944000  6.825158778e+04
   30.128750000    45.892472000  6.850123045e+04
   30.431639000    46.245361000  6.875216814e+04
   31.511194000    46.682528000  6.900157197e+04
   32.076639000    46.497917000  6.925184874e+04
   32.210361000    46.183333000  6.950107476e+04
   33.624139000    45.938722000  6.975155161e+04
   33.009556000    45.351639000  7.000114315e+04
   33.616639000    44.484556000  7.025020278e+04
   35.812028000    45.035806000  7.050052064e+04
   35.542500000    45.291250000  7.075218589e+04
   35.188333000    45.515389000  7.100058794e+04
   34.749139000    45.762917000  7.125015489e+04
   35.065000000    46.267056000  7.150595912e+04
   36.010000000    46.662889000  7.175061009e+04
   37.473694000    47.025806000  7.200245746e+04
   39.297917000    47.027500000  7.225201104e+04
   38.003306000    46.362083000  7.250085726e+04
   37.745000000    45.704528000  7.275062094e+04
   36.799528000    45.354944000  7.300075083e+04
   38.064972000    44.575389000  7.325125809e+04
   40.264556000    43.279972000  7.350053835e+04
   41.770306000    41.794139000  7.375395063e+04
   39.681639000    41.007083000  7.400031014e+04
   37.483778000    41.054167000  7.425086966e+04
   35.505833000    41.635417000  7.450054290e+04
   33.454111000    42.016194000  7.475088950e+04
   31.210806000    41.099556000  7.500263359e+04
   29.058306000    40.957917000  7.525055533e+04
   28.933278000    40.462917000  7.550084493e+04
   27.787444000    40.323694000  7.575136155e+04
   26.157889000    39.718306000  7.600011520e+04
   26.817056000    39.027500000  7.625023953e+04
   27.104139000    38.408694000  7.650199876e+04
   26.312056000    38.350833000  7.675020732e+04
   27.156611000    37.699583000  7.700136097e+04
   27.543722000    37.176667000  7.725019477e+04
   28.324972000    37.027083000  7.750150767e+04
   27.779139000    36.756278000  7.775143296e+04
   28.308306000    36.816250000  7.800137599e+04
   29.077083000    36.624167000  7.825030444e+04
   30.169194000    36.302972000  7.850203913e+04
   31.568278000    36.699556000  7.875015002e+04
   33.602917000    36.162444000  7.900026135e+04
   35.345417000    36.547472000  7.925006069e+04
   35.912861000    36.130778000  7.950786641e+04
   35.895889000    34.469444000  7.975275612e+04
   35.000000000    32.822028000  8.000026233e+04
   33.602472000    31.114556000  8.025084456e+04
   32.905389000    31.077472000  8.050081106e+04
   32.443742000    30.336750000  8.075245182e+04
