 -154.962028000    58.014694000  0.000000000e+00
 -154.199861000    58.353444000  2.503388699e+02
 -154.178000000    59.123417000  5.005878784e+02
 -153.217278000    59.634028000  7.504576348e+02
 -152.316972000    60.487389000  1.003307261e+03
 -149.973806000    61.244750000  1.251559392e+03
 -148.996694000    60.823778000  1.500621972e+03
 -151.657528000    60.062500000  1.752561967e+03
 -151.441417000    59.477278000  2.000343289e+03
 -151.394750000    59.269056000  2.250719847e+03
 -150.498556000    59.454778000  2.500708180e+03
 -149.851444000    59.726639000  2.750423791e+03
 -149.439194000    60.047500000  3.000032443e+03
 -148.373389000    60.079583000  3.251351848e+03
 -148.008361000    60.459583000  3.500255961e+03
 -148.391639000    60.692056000  3.750323097e+03
 -148.142611000    61.077833000  4.000821105e+03
 -147.693444000    60.953750000  4.250334944e+03
 -146.954917000    61.032889000  4.500207283e+03
 -146.460139000    60.809944000  4.752141518e+03
 -146.216694000    60.673333000  5.000039553e+03
 -145.306639000    60.337056000  5.250893394e+03
 -144.204194000    60.139194000  5.500498806e+03
 -141.616750000    59.962056000  5.750436029e+03
 -139.646750000    59.943667000  6.000987782e+03
 -139.609306000    59.614111000  6.252043060e+03
 -138.494944000    59.190333000  6.500761343e+03
 -136.932528000    58.382472000  6.750175669e+03
 -136.204306000    58.335833000  7.002239177e+03
 -137.123972000    58.824556000  7.250873201e+03
 -136.113389000    58.957889000  7.500082692e+03
 -135.248361000    58.237083000  7.751538295e+03
 -135.408500000    59.225806000  8.000021564e+03
 -134.926028000    58.955028000  8.250883917e+03
 -133.861667000    58.515111000  8.501326562e+03
 -133.408389000    57.913806000  8.754212141e+03
 -133.679194000    57.632500000  9.001448235e+03
 -133.172417000    57.173417000  9.250226709e+03
 -132.249306000    56.667556000  9.500853701e+03
 -132.156694000    55.803750000  9.750445867e+03
 -131.619222000    55.927472000  1.000092293e+04
 -130.883750000    55.528222000  1.025087992e+04
 -130.723444000    55.093222000  1.050174042e+04
 -130.659333000    54.939194000  1.075085342e+04
 -129.966806000    55.907917000  1.100070441e+04
 -130.156806000    54.844639000  1.125026469e+04
 -130.177667000    54.441556000  1.150091575e+04
 -129.581667000    54.206222000  1.175045419e+04
 -129.237722000    53.425806000  1.200025647e+04
 -128.612611000    53.833139000  1.225064954e+04
 -128.685444000    53.460333000  1.250070509e+04
 -128.137528000    52.904972000  1.275078190e+04
 -128.104194000    52.511667000  1.300003669e+04
 -127.888444000    52.202028000  1.325118500e+04
 -127.129167000    52.342889000  1.350181754e+04
 -127.725861000    51.639167000  1.375018078e+04
 -127.422556000    51.661639000  1.400024605e+04
 -127.493333000    51.314583000  1.425016839e+04
 -127.425861000    51.184972000  1.450022048e+04
 -126.754694000    51.115139000  1.475024561e+04
 -126.935028000    50.902083000  1.500142678e+04
 -126.238389000    50.868694000  1.525251337e+04
 -126.180000000    50.636278000  1.550195297e+04
 -125.566722000    50.581250000  1.575242207e+04
 -124.841667000    50.710667000  1.600170500e+04
 -124.776417000    50.078472000  1.625162257e+04
 -123.923667000    50.163472000  1.650004220e+04
 -123.979250000    49.766222000  1.675050838e+04
 -123.201667000    49.224583000  1.700262397e+04
 -122.500944000    48.663667000  1.725063613e+04
 -122.372667000    48.222028000  1.750031718e+04
 -122.356722000    47.442056000  1.775108674e+04
 -123.020569000    47.156319000  1.800343399e+04
 -122.530472000    47.469972000  1.825082245e+04
 -123.087389000    47.446194000  1.850118006e+04
 -122.765917000    48.108667000  1.875130883e+04
 -124.564139000    48.367889000  1.900065618e+04
 -124.021250000    46.993528000  1.925050206e+04
 -124.056750000    46.483139000  1.950046557e+04
 -123.965194000    45.880361000  1.975017858e+04
 -124.077556000    44.423750000  2.000340258e+04
 -124.523833000    42.884028000  2.025921818e+04
 -124.159861000    41.117333000  2.050028147e+04
 -123.813417000    39.416806000  2.075105120e+04
 -122.785056000    37.947083000  2.100001454e+04
 -122.190889000    37.697083000  2.125027127e+04
 -122.255472000    37.060000000  2.150014591e+04
 -121.220111000    35.650972000  2.175032641e+04
 -120.079250000    34.459028000  2.200054641e+04
 -118.269972000    33.759583000  2.225042245e+04
 -117.114111000    32.601556000  2.250126195e+04
 -116.599028000    31.459278000  2.275036940e+04
 -115.801444000    30.132417000  2.300435428e+04
 -114.399389000    28.817056000  2.325061479e+04
 -114.268972000    27.942111000  2.350231609e+04
 -114.315972000    27.780861000  2.375164776e+04
 -114.309944000    27.139833000  2.400038617e+04
 -113.180528000    26.975722000  2.425041634e+04
 -112.561833000    26.286694000  2.450032294e+04
 -112.076750000    25.364194000  2.475006764e+04
 -112.121500000    24.787167000  2.500067898e+04
 -111.655000000    24.548861000  2.525105674e+04
 -110.186528000    23.334778000  2.550131781e+04
 -109.824278000    23.989694000  2.575008758e+04
 -110.710694000    24.696833000  2.600172819e+04
 -111.380778000    26.282028000  2.625143382e+04
 -111.979417000    27.069056000  2.650085463e+04
 -113.053833000    28.478500000  2.675011752e+04
 -114.145083000    29.692472000  2.700037187e+04
 -114.886083000    31.237611000  2.725026094e+04
 -114.199361000    31.507139000  2.750249555e+04
 -113.240083000    31.262361000  2.775008138e+04
 -112.553917000    29.697361000  2.800033976e+04
 -111.775250000    28.605972000  2.825020233e+04
 -110.734278000    27.910806000  2.850152696e+04
 -110.569361000    27.528306000  2.875067524e+04
 -110.146028000    27.119972000  2.900624795e+04
 -109.436250000    26.713278000  2.925126829e+04
 -109.297472000    26.183972000  2.950015503e+04
 -109.335444000    25.770000000  2.975078976e+04
 -109.027139000    25.494972000  3.000129241e+04
 -108.178389000    25.118750000  3.025062716e+04
 -107.889917000    24.618361000  3.050230517e+04
 -107.344139000    24.239694000  3.075042940e+04
 -106.628444000    23.492389000  3.100612734e+04
 -105.663333000    22.290444000  3.125508576e+04
 -105.275028000    21.024528000  3.150073842e+04
 -105.344222000    19.803778000  3.175242173e+04
 -104.028472000    18.890944000  3.201632184e+04
 -102.384222000    17.981500000  3.225236297e+04
 -100.599139000    17.116583000  3.250163684e+04
  -98.775861000    16.554139000  3.275039444e+04
  -96.688333000    15.696722000  3.300433904e+04
  -94.737472000    16.209167000  3.325452532e+04
  -92.848333000    15.134806000  3.350057096e+04
  -90.802028000    13.918222000  3.376224441e+04
  -88.885250000    13.295278000  3.400327064e+04
  -88.260000000    13.171639000  3.425068230e+04
  -87.441917000    13.386083000  3.450156453e+04
  -87.501028000    12.780333000  3.476094519e+04
  -86.526389000    11.813083000  3.500589413e+04
  -85.910139000    10.898361000  3.525144844e+04
  -85.169250000    10.025694000  3.551383157e+04
  -83.064167000    10.009944000  3.586358097e+04
  -83.572444000    10.725722000  3.600749994e+04
  -83.707444000    11.860639000  3.625103250e+04
  -83.647444000    12.777389000  3.650160436e+04
  -83.545278000    13.563167000  3.675119771e+04
  -83.293333000    14.814861000  3.700054663e+04
  -84.024028000    15.400889000  3.725482178e+04
  -84.500833000    15.820056000  3.750010472e+04
  -86.180250000    15.889833000  3.775001301e+04
  -87.975806000    15.804083000  3.800056540e+04
  -88.747694000    16.143472000  3.825039518e+04
  -88.227000000    17.488194000  3.850073255e+04
  -88.176500000    18.709250000  3.875042842e+04
  -87.664889000    18.768333000  3.900403378e+04
  -87.462833000    19.642944000  3.925080898e+04
  -87.403722000    20.251583000  3.950701424e+04
  -87.025278000    21.566694000  3.975020254e+04
  -88.706306000    21.437500000  4.000038390e+04
  -90.339972000    20.924139000  4.025011337e+04
  -90.942667000    19.160722000  4.050567866e+04
  -91.962500000    18.579639000  4.075121402e+04
  -93.094111000    18.438583000  4.100386013e+04
  -93.853472000    18.297917000  4.125082018e+04
  -95.056667000    18.608111000  4.150104211e+04
  -96.175806000    19.225000000  4.175040064e+04
  -97.221333000    20.801917000  4.200189293e+04
  -97.461806000    21.607722000  4.225360641e+04
  -97.853444000    22.631194000  4.250138945e+04
  -97.774611000    24.069139000  4.275129442e+04
  -97.727083000    24.751639000  4.300280890e+04
  -97.704222000    25.398778000  4.325039065e+04
  -97.391278000    25.307528000  4.350135405e+04
  -97.314250000    26.245333000  4.375113351e+04
  -97.551306000    26.873278000  4.400015479e+04
  -97.704639000    27.385833000  4.425018437e+04
  -97.308389000    27.711194000  4.450001961e+04
  -97.189611000    27.975833000  4.475096685e+04
  -96.707972000    28.346667000  4.500006950e+04
  -96.418361000    28.709556000  4.525140145e+04
  -95.982667000    28.599278000  4.550894165e+04
  -95.186806000    29.203611000  4.575025608e+04
  -94.694444000    29.706444000  4.600186396e+04
  -93.858556000    29.943694000  4.625489701e+04
  -92.278417000    29.531694000  4.650098323e+04
  -91.461222000    29.545806000  4.675053011e+04
  -90.846250000    29.106667000  4.700062341e+04
  -90.296056000    29.240861000  4.725016907e+04
  -90.162639000    29.567472000  4.750074631e+04
  -89.639972000    29.271222000  4.775038882e+04
  -89.131694000    29.070389000  4.800167884e+04
  -89.277139000    29.343333000  4.825067867e+04
  -89.619194000    29.700361000  4.850048477e+04
  -89.281694000    29.874583000  4.875010255e+04
  -89.749639000    30.145000000  4.900013520e+04
  -89.491667000    30.182917000  4.925011925e+04
  -88.407944000    30.386444000  4.950038042e+04
  -87.739056000    30.295806000  4.975142095e+04
  -87.326028000    30.320639000  5.000051719e+04
  -86.786917000    30.407194000  5.025045937e+04
  -85.998389000    30.270389000  5.050692303e+04
  -85.568806000    30.118306000  5.075046563e+04
  -85.395333000    29.762778000  5.100045772e+04
  -84.422306000    29.984139000  5.125018459e+04
  -83.483889000    29.688556000  5.150117986e+04
  -82.752139000    29.058306000  5.175004301e+04
  -82.687917000    28.408333000  5.200028291e+04
  -82.628778000    27.771667000  5.225059254e+04
  -82.413333000    27.789556000  5.250042200e+04
  -82.512917000    27.216667000  5.275066454e+04
  -82.233778000    26.990833000  5.300060208e+04
  -81.914583000    26.445806000  5.325026643e+04
  -81.625417000    25.926639000  5.350107590e+04
  -81.056694000    25.564583000  5.375023411e+04
  -80.809194000    25.174556000  5.400028116e+04
  -80.560000000    24.970361000  5.425004810e+04
  -80.143306000    25.903722000  5.450102948e+04
  -80.181722000    27.164556000  5.475145754e+04
  -80.802917000    28.620000000  5.500220994e+04
  -80.908472000    29.069333000  5.526061586e+04
  -81.442694000    30.601417000  5.550362830e+04
  -81.572528000    31.220444000  5.575101357e+04
  -81.337528000    31.547056000  5.600025769e+04
  -81.140028000    31.895389000  5.625060825e+04
  -80.822444000    32.415444000  5.650016604e+04
  -80.021417000    32.611667000  5.675518036e+04
  -79.373139000    33.063111000  5.700002298e+04
  -78.013944000    33.897361000  5.725264277e+04
  -77.090639000    34.686806000  5.750022759e+04
  -76.363361000    35.041222000  5.775204240e+04
  -76.867917000    35.013333000  5.800049736e+04
  -76.708778000    35.334167000  5.825017344e+04
  -76.550028000    35.452917000  5.850034001e+04
  -75.931111000    35.536583000  5.875063423e+04
  -76.066278000    35.939972000  5.900054351e+04
  -76.293333000    36.122944000  5.925028504e+04
  -75.946417000    36.412167000  5.950073113e+04
  -75.734000000    36.040639000  5.975242837e+04
  -76.325028000    36.963750000  6.000025461e+04
  -76.559250000    37.109528000  6.025037035e+04
  -76.438083000    37.315444000  6.050030211e+04
  -76.849028000    37.956056000  6.075022774e+04
  -76.644778000    38.144667000  6.100027577e+04
  -77.267500000    38.468389000  6.125102497e+04
  -76.322306000    38.141361000  6.150093125e+04
  -76.481778000    39.069194000  6.175007350e+04
  -76.303194000    39.304139000  6.200002359e+04
  -76.206861000    39.264139000  6.225004113e+04
  -76.228056000    38.942833000  6.250069689e+04
  -76.200833000    38.736667000  6.275057642e+04
  -76.186528000    38.528250000  6.300015538e+04
  -75.843333000    38.401194000  6.325026783e+04
  -75.740472000    37.974972000  6.350088589e+04
  -75.934667000    37.580806000  6.375016532e+04
  -75.796222000    37.500833000  6.400180575e+04
  -75.302083000    38.111639000  6.425011699e+04
  -75.131278000    38.670778000  6.450066919e+04
  -75.544222000    39.597917000  6.475104366e+04
  -74.762528000    39.070444000  6.500048890e+04
  -74.409556000    39.513306000  6.525162156e+04
  -74.070444000    39.938306000  6.550576895e+04
  -74.027306000    40.725778000  6.575052283e+04
  -73.111278000    41.169139000  6.600028431e+04
  -71.696611000    41.338083000  6.625007498e+04
  -71.206639000    41.541778000  6.650013902e+04
  -70.657306000    41.550806000  6.675068123e+04
  -70.218056000    42.081778000  6.700030354e+04
  -70.711306000    42.155694000  6.725140761e+04
  -70.622083000    42.662028000  6.750206590e+04
  -70.350139000    43.538139000  6.775120819e+04
  -69.838917000    43.700944000  6.800014855e+04
  -69.581556000    43.900806000  6.825052757e+04
  -69.191778000    43.957694000  6.850061823e+04
  -68.756806000    44.341111000  6.875023480e+04
  -68.163583000    44.485861000  6.900048569e+04
  -67.742167000    44.497167000  6.925014288e+04
  -67.061528000    44.871611000  6.950089510e+04
  -66.985028000    45.173750000  6.975012418e+04
  -66.140889000    45.203722000  7.000074208e+04
  -64.549278000    45.877194000  7.025019274e+04
  -64.542278000    45.406667000  7.050010793e+04
  -64.149528000    45.003778000  7.075052997e+04
  -65.551806000    44.722917000  7.100103408e+04
  -66.169694000    43.900333000  7.125000037e+04
  -65.820500000    43.682500000  7.150092317e+04
  -65.234667000    43.779167000  7.175016721e+04
  -64.568333000    44.101472000  7.200022183e+04
  -64.212000000    44.567444000  7.225138952e+04
  -63.552111000    44.468306000  7.250007062e+04
  -63.019556000    44.740028000  7.275018795e+04
  -62.185472000    44.935778000  7.300056419e+04
  -61.337528000    45.185417000  7.325062163e+04
  -61.295833000    45.438778000  7.350013816e+04
  -62.496722000    45.655417000  7.375087017e+04
  -63.715833000    45.854083000  7.400001175e+04
  -64.615889000    46.334528000  7.425009769e+04
  -64.835028000    46.960417000  7.450086508e+04
  -64.926333000    47.458000000  7.475023986e+04
  -65.617111000    47.646389000  7.500112572e+04
  -66.121722000    48.087917000  7.525028056e+04
  -64.271667000    48.710389000  7.550137116e+04
  -66.004222000    49.222889000  7.575028359e+04
  -68.750028000    48.359528000  7.600028484e+04
  -70.500333000    47.011861000  7.625003652e+04
  -69.841583000    47.888583000  7.650027502e+04
  -68.939972000    48.815389000  7.675100261e+04
  -67.415056000    49.324583000  7.700245644e+04
  -66.104222000    50.231694000  7.725191545e+04
  -63.692528000    50.275806000  7.750112305e+04
  -62.056722000    50.221250000  7.775095040e+04
  -60.927500000    50.205833000  7.800001669e+04
  -60.065083000    50.239556000  7.825044519e+04
  -59.225889000    50.704167000  7.850044622e+04
  -58.800917000    51.009972000  7.875027523e+04
  -58.537528000    51.249139000  7.900118459e+04
  -57.769194000    51.423278000  7.925035266e+04
  -56.280861000    51.772472000  7.950055519e+04
  -56.235083000    52.452083000  7.975115853e+04
  -56.495861000    52.592500000  8.000027115e+04
  -56.166750000    52.804528000  8.025122639e+04
  -55.755861000    53.174139000  8.050035170e+04
  -56.084194000    53.586639000  8.075026186e+04
  -57.156694000    53.560417000  8.100101263e+04
  -57.361639000    54.162917000  8.125007145e+04
  -58.907472000    53.873306000  8.150010928e+04
  -60.628333000    53.260417000  8.175065440e+04
  -59.455889000    53.847500000  8.200206842e+04
  -59.144972000    54.097028000  8.225091041e+04
  -57.391667000    54.558722000  8.250003953e+04
  -58.396722000    54.735444000  8.275064405e+04
  -59.377528000    54.989167000  8.300048637e+04
  -59.534167000    55.045833000  8.325019478e+04
  -60.015861000    55.213333000  8.350033581e+04
  -60.661722000    55.017083000  8.375287867e+04
  -60.404250000    55.387472000  8.400000235e+04
  -60.632472000    55.792472000  8.425047696e+04
  -61.413389000    56.024556000  8.450200107e+04
  -62.075028000    56.292083000  8.475086928e+04
  -61.721722000    56.492056000  8.500016702e+04
  -61.705833000    56.730833000  8.525063734e+04
  -61.881694000    57.360389000  8.550168426e+04
  -62.097472000    57.871639000  8.575122323e+04
  -63.015000000    58.079556000  8.600107227e+04
  -62.787611000    58.455028000  8.625043700e+04
  -62.948333000    58.734583000  8.650181645e+04
  -63.895889000    58.987472000  8.675091789e+04
  -63.722528000    59.514111000  8.700180997e+04
  -64.198361000    60.034583000  8.725048119e+04
  -64.616722000    60.293750000  8.750019010e+04
  -65.120111000    60.062472000  8.775116065e+04
  -65.471694000    59.630944000  8.800028432e+04
  -65.509889000    59.283528000  8.825045996e+04
  -65.575917000    59.021056000  8.850074801e+04
  -65.987694000    58.473833000  8.875018425e+04
  -66.802806000    58.484333000  8.900036593e+04
  -67.801806000    58.461556000  8.925248390e+04
  -68.448806000    58.026083000  8.950107048e+04
  -69.206667000    58.896889000  8.975033619e+04
  -69.879861000    58.973778000  9.000058242e+04
  -69.302278000    59.220333000  9.025012940e+04
  -69.708000000    59.922361000  9.050005361e+04
  -69.657000000    60.282861000  9.075082780e+04
  -69.732806000    60.902167000  9.100056546e+04
  -70.931611000    61.115222000  9.125047892e+04
  -71.785389000    61.419083000  9.150112021e+04
  -72.525278000    61.926639000  9.175079930e+04
  -74.000000000    62.358361000  9.200081393e+04
  -75.883500000    62.330556000  9.225335219e+04
  -78.028833000    62.363083000  9.250025695e+04
  -77.717917000    61.424833000  9.275076559e+04
  -77.765056000    60.758861000  9.300169483e+04
  -77.607417000    60.112333000  9.325046712e+04
  -77.657000000    59.665083000  9.350084945e+04
  -78.007944000    59.214556000  9.375036660e+04
  -78.489444000    58.619111000  9.400059556e+04
  -77.229583000    58.027472000  9.425008345e+04
  -76.539944000    56.602417000  9.450448320e+04
  -77.739778000    55.275528000  9.475002167e+04
  -79.560111000    54.610944000  9.500052257e+04
  -79.207944000    54.158972000  9.525117037e+04
  -79.079722000    53.759917000  9.550017541e+04
  -78.897667000    53.230083000  9.575060830e+04
  -78.749944000    52.652028000  9.600103438e+04
  -78.843333000    51.869056000  9.625038732e+04
  -79.521583000    51.511500000  9.650041426e+04
  -80.766028000    51.850750000  9.675089867e+04
  -82.273222000    53.118028000  9.700530213e+04
  -82.273972000    55.016333000  9.725002398e+04
  -84.834083000    55.248361000  9.750104293e+04
  -87.604444000    56.027167000  9.775138566e+04
  -90.436000000    57.204750000  9.800222540e+04
  -92.434861000    57.312306000  9.825169711e+04
  -93.751833000    58.796139000  9.850110682e+04
  -94.955139000    59.054944000  9.875129464e+04
  -94.734528000    60.186417000  9.900044026e+04
  -93.858611000    61.307417000  9.925006925e+04
  -93.526944000    61.838917000  9.950349641e+04
  -93.009889000    62.074778000  9.975014095e+04
  -92.631389000    62.335306000  1.000017328e+05
  -92.596444000    62.584861000  1.002505935e+05
  -92.100778000    62.864972000  1.005003050e+05
  -90.740361000    63.245139000  1.007510103e+05
  -92.302222000    63.576306000  1.010028485e+05
  -93.583917000    63.869750000  1.012501055e+05
  -92.131250000    63.738194000  1.015020790e+05
  -90.896417000    63.556083000  1.017505877e+05
  -89.895861000    63.990167000  1.020005865e+05
  -89.192389000    63.963167000  1.022531435e+05
  -87.819000000    64.491222000  1.025011134e+05
