  -73.345000000   -53.007083000  0.000000000e+00
  -72.854222000   -52.631694000  2.509366720e+02
  -71.389333000   -52.749250000  5.011024014e+02
  -71.855083000   -53.231278000  7.500070945e+02
  -71.330028000   -53.887889000  1.001306846e+03
  -70.724167000   -52.750944000  1.251391655e+03
  -68.392556000   -52.362361000  1.500732921e+03
  -69.089194000   -51.217528000  1.751475242e+03
  -68.680028000   -49.990417000  2.000174826e+03
  -67.715000000   -49.387111000  2.250742278e+03
  -65.952528000   -48.104583000  2.500712580e+03
  -66.350889000   -47.082139000  2.750738104e+03
  -67.231722000   -45.536250000  3.001104576e+03
  -65.681333000   -45.037500000  3.250302304e+03
  -65.312167000   -43.881667000  3.501738101e+03
  -64.924194000   -42.618750000  3.753413099e+03
  -63.610472000   -42.492556000  4.002173948e+03
  -64.642500000   -42.227944000  4.259814873e+03
  -64.940000000   -40.750472000  4.500921880e+03
  -63.327583000   -41.156306000  4.754197260e+03
  -62.334611000   -39.989167000  5.002652546e+03
  -62.273778000   -39.272556000  5.250203332e+03
  -61.208361000   -39.002944000  5.504170727e+03
  -58.571667000   -38.555444000  5.753887485e+03
  -56.920417000   -37.205917000  6.001340865e+03
  -57.317083000   -36.094167000  6.250613505e+03
  -58.338361000   -34.632972000  6.501073676e+03
  -58.407083000   -33.956750000  6.750486455e+03
  -58.340056000   -33.385528000  7.001435342e+03
  -57.175028000   -34.453806000  7.252010496e+03
  -55.438389000   -34.788750000  7.501336050e+03
  -53.574194000   -34.076306000  7.755735066e+03
  -52.262139000   -32.288361000  8.002719736e+03
  -52.045889000   -31.644611000  8.253551315e+03
  -51.297111000   -30.769194000  8.501763841e+03
  -51.135028000   -30.271278000  8.750689684e+03
  -50.721278000   -30.778361000  9.001557685e+03
  -52.000000000   -31.820444000  9.255487311e+03
  -50.567083000   -30.828361000  9.510687502e+03
  -49.445472000   -29.025861000  9.757176631e+03
  -48.740861000   -28.317083000  1.000049396e+04
  -48.557500000   -27.367917000  1.025069536e+04
  -48.603778000   -26.462500000  1.050469902e+04
  -48.503389000   -25.582139000  1.075026473e+04
  -48.490056000   -25.329583000  1.100086801e+04
  -48.048389000   -25.248778000  1.125001946e+04
  -47.081250000   -24.444167000  1.150288012e+04
  -46.041250000   -23.817500000  1.175027776e+04
  -44.850028000   -23.364583000  1.200049890e+04
  -44.347944000   -22.927528000  1.225044517e+04
  -43.210000000   -22.894583000  1.250273339e+04
  -42.028361000   -22.945444000  1.275025589e+04
  -41.027111000   -21.717528000  1.301229528e+04
  -40.287917000   -20.354222000  1.325089463e+04
  -39.747083000   -18.965833000  1.350134369e+04
  -39.326694000   -17.717917000  1.375135903e+04
  -38.940472000   -16.043361000  1.400057481e+04
  -39.048750000   -14.770028000  1.425137695e+04
  -38.999583000   -13.783361000  1.450037353e+04
  -38.756250000   -12.905028000  1.475054227e+04
  -38.295444000   -12.899194000  1.500270596e+04
  -37.403750000   -11.495000000  1.525198057e+04
  -36.486694000   -10.519611000  1.550011112e+04
  -35.861278000    -9.750889000  1.575011032e+04
  -35.087083000    -8.745028000  1.600029755e+04
  -34.896250000    -7.703333000  1.625023697e+04
  -34.936278000    -6.725861000  1.650073788e+04
  -35.335028000    -5.379611000  1.675055358e+04
  -36.610417000    -5.097500000  1.700005589e+04
  -37.840028000    -4.386278000  1.725156535e+04
  -39.092972000    -3.413361000  1.750059653e+04
  -40.498361000    -2.784583000  1.775401944e+04
  -41.661306000    -2.864194000  1.800218389e+04
  -42.399611000    -2.750000000  1.825064352e+04
  -43.396667000    -2.332083000  1.850009155e+04
  -43.652917000    -2.490889000  1.875039903e+04
  -44.174194000    -2.837111000  1.900005550e+04
  -44.784167000    -3.298778000  1.925199440e+04
  -44.573750000    -2.420028000  1.950029269e+04
  -44.910833000    -2.396278000  1.975015742e+04
  -44.604222000    -1.879611000  2.000126852e+04
  -44.830444000    -1.645861000  2.025094354e+04
  -45.066278000    -1.433333000  2.050072364e+04
  -45.310861000    -1.410444000  2.075019993e+04
  -45.536667000    -1.335444000  2.100048143e+04
  -45.862944000    -1.281694000  2.125153169e+04
  -46.145417000    -1.299222000  2.150039900e+04
  -46.218361000    -0.897917000  2.175114844e+04
  -46.591250000    -0.978333000  2.200101440e+04
  -46.880444000    -0.794167000  2.225236839e+04
  -47.167083000    -0.755861000  2.250052038e+04
  -47.504583000    -0.688361000  2.275251664e+04
  -47.902500000    -0.637917000  2.300090307e+04
  -48.482972000    -1.381722000  2.325293546e+04
  -48.712528000    -1.496306000  2.350182481e+04
  -49.680000000    -2.678910000  2.375152539e+04
  -49.659000000    -1.897530000  2.400134352e+04
  -50.814000000    -1.410740000  2.425153989e+04
  -51.978000000    -1.598200000  2.450187901e+04
  -51.798000000    -1.096850000  2.475129692e+04
  -51.012972000     0.110528000  2.500088272e+04
  -49.992444000     1.208278000  2.525171976e+04
  -50.694861000     2.209667000  2.550147609e+04
  -51.191083000     3.690556000  2.575306487e+04
  -51.636028000     4.187972000  2.600030098e+04
  -52.422083000     4.860000000  2.625051205e+04
  -53.712556000     5.697028000  2.650244224e+04
  -55.158750000     5.982444000  2.675006895e+04
  -55.904583000     5.675806000  2.700007333e+04
  -57.498250000     6.337472000  2.725162603e+04
  -58.564611000     6.674167000  2.750206917e+04
  -58.844389000     7.745833000  2.775167985e+04
  -60.286667000     8.647778000  2.800151658e+04
  -60.847528000     9.104583000  2.825396006e+04
  -61.635000000     9.871250000  2.850035925e+04
  -62.610444000    10.174139000  2.875103943e+04
  -61.859972000    10.728694000  2.900036184e+04
  -63.659167000    10.643750000  2.925052177e+04
  -64.105444000    10.469972000  2.950093228e+04
  -65.189167000    10.096250000  2.975351501e+04
  -66.299194000    10.645417000  3.000031375e+04
  -68.160028000    10.503722000  3.025224154e+04
  -68.865861000    11.454583000  3.050168636e+04
  -70.287111000    11.875806000  3.075083815e+04
  -70.025028000    11.492056000  3.100008113e+04
  -71.484167000    10.955389000  3.125006718e+04
  -71.069167000     9.374472000  3.150710254e+04
  -71.906639000     9.477556000  3.175281941e+04
  -71.598750000    10.643306000  3.200027642e+04
  -71.346333000    11.847500000  3.225003863e+04
  -71.896306000    12.325000000  3.250139486e+04
  -72.990889000    11.517833000  3.275380123e+04
  -74.269667000    11.000000000  3.300215774e+04
  -74.978639000    10.980806000  3.325005480e+04
  -75.567500000    10.229944000  3.350069804e+04
  -76.183000000     9.145833000  3.375033645e+04
  -76.927556000     7.984361000  3.400331069e+04
  -77.635028000     8.833694000  3.425002124e+04
  -78.962639000     9.454528000  3.450002712e+04
  -79.917439000     9.306605000  3.475186259e+04
  -79.174222000     9.031556000  3.500029449e+04
  -78.385000000     8.458194000  3.525316242e+04
  -78.246444000     8.187861000  3.550008201e+04
  -77.663639000     6.959000000  3.575098256e+04
  -77.333750000     5.991111000  3.600054847e+04
  -77.320528000     4.781778000  3.625042904e+04
  -77.290194000     4.074444000  3.650098096e+04
  -77.098306000     3.814639000  3.675045432e+04
  -77.340917000     3.412528000  3.700004250e+04
  -77.620889000     2.859028000  3.725068978e+04
  -78.181833000     2.542472000  3.750061346e+04
  -78.555361000     1.836333000  3.775215265e+04
  -78.920778000     1.218167000  3.800168714e+04
  -80.099194000     0.709944000  3.825145557e+04
  -80.345000000    -0.211250000  3.850018219e+04
  -80.738750000    -1.366722000  3.875426379e+04
  -80.444194000    -2.627889000  3.900051192e+04
  -79.869583000    -2.276667000  3.925047036e+04
  -80.059194000    -3.406278000  3.950080260e+04
  -81.328778000    -4.666694000  3.975006009e+04
  -81.152917000    -5.945861000  4.000078016e+04
  -79.571250000    -7.388333000  4.025165185e+04
  -78.637917000    -9.037528000  4.050060975e+04
  -78.049167000   -10.347083000  4.075017377e+04
  -77.148806000   -11.910861000  4.100364294e+04
  -76.189639000   -13.577528000  4.125529285e+04
  -75.760028000   -14.757917000  4.150527778e+04
  -74.366694000   -15.828750000  4.175036600e+04
  -72.563417000   -16.672083000  4.200080967e+04
  -71.106250000   -17.841694000  4.225232982e+04
  -70.226250000   -19.435028000  4.250012717e+04
  -70.096333000   -21.213361000  4.275040182e+04
  -70.434167000   -23.092944000  4.300018325e+04
  -70.556306000   -24.450000000  4.325037463e+04
  -70.660861000   -26.172056000  4.350157005e+04
  -70.936278000   -27.636667000  4.375084575e+04
  -71.464639000   -29.105889000  4.400107792e+04
  -71.684583000   -30.385861000  4.425015777e+04
  -71.527500000   -32.119556000  4.450003759e+04
  -71.620444000   -33.524194000  4.475133168e+04
  -72.225889000   -35.127111000  4.500053211e+04
  -72.969167000   -36.610472000  4.525125597e+04
  -73.685444000   -37.365028000  4.550012451e+04
  -73.290472000   -39.067500000  4.575262994e+04
  -73.659222000   -39.957944000  4.600123606e+04
  -73.880056000   -41.230417000  4.625098100e+04
  -73.251250000   -41.760833000  4.650008873e+04
  -72.282528000   -41.512139000  4.675154628e+04
  -72.408333000   -42.257861000  4.700194250e+04
  -72.848806000   -42.591667000  4.725039867e+04
  -72.899250000   -43.656306000  4.750040263e+04
  -73.233333000   -44.122917000  4.775055403e+04
  -72.601278000   -44.476694000  4.800009781e+04
  -73.299222000   -45.279611000  4.825005270e+04
  -73.535056000   -45.771278000  4.850086812e+04
  -73.410417000   -46.022500000  4.875087529e+04
  -73.805861000   -46.421250000  4.900235098e+04
  -74.127528000   -46.208806000  4.925082638e+04
  -74.075444000   -45.843389000  4.950133553e+04
  -74.824667000   -45.875000000  4.975005761e+04
  -74.702083000   -45.969222000  5.000188664e+04
  -75.155833000   -46.423778000  5.025344151e+04
  -75.267556000   -46.862917000  5.050056051e+04
  -74.892917000   -46.505833000  5.075158024e+04
  -74.307111000   -46.758361000  5.100019475e+04
  -74.117139000   -47.319139000  5.125034903e+04
  -74.253361000   -47.502111000  5.150123703e+04
  -74.263361000   -47.738778000  5.175032050e+04
  -74.515000000   -47.739583000  5.200057719e+04
  -73.388333000   -47.981278000  5.225110005e+04
  -73.652583000   -48.261278000  5.250109762e+04
  -74.232583000   -48.212139000  5.275128163e+04
  -74.224139000   -48.352111000  5.300016422e+04
  -74.232583000   -48.823806000  5.325015287e+04
  -74.175861000   -49.439222000  5.350035932e+04
  -73.800944000   -49.670028000  5.375072996e+04
  -74.115056000   -49.945444000  5.400035391e+04
  -74.155917000   -50.215028000  5.425066363e+04
  -74.530056000   -50.100417000  5.450016916e+04
  -74.143361000   -50.412944000  5.475064853e+04
  -74.105861000   -50.761639000  5.500045723e+04
  -73.768389000   -50.832917000  5.525006808e+04
  -73.959167000   -51.155833000  5.550116528e+04
  -73.799139000   -51.422528000  5.575031237e+04
  -73.568444000   -51.777944000  5.600274204e+04
  -73.330833000   -51.810833000  5.625027214e+04
  -73.065861000   -51.731694000  5.650067770e+04
  -73.212500000   -51.536667000  5.675028600e+04
  -72.537528000   -51.858361000  5.700132184e+04
  -72.870028000   -51.976250000  5.725003570e+04
  -73.481722000   -52.170444000  5.750039457e+04
  -73.700833000   -52.736667000  5.775082009e+04
  -73.125861000   -52.563361000  5.800204726e+04
